{
    "animation": [
        {
            "name": "Root",
            "time": [0.0, 2.6667],
            "transform": [
                [0.854689, 0.0, -0.51914, -5e-06, -0.51914, 0.0, -0.854689, 0.000946, 0.0, 1.0, 0.0, 0.755725, 0.0, 0.0, 0.0, 1.0],
                [0.854689, 0.0, -0.51914, -5e-06, -0.51914, 0.0, -0.854689, 0.000946, 0.0, 1.0, 0.0, 0.755725, 0.0, 0.0, 0.0, 1.0]
            ]
        },
        {
            "name": "Thigh_R",
            "time": [0.0, 2.6667],
            "transform": [
                [0.996122, 0.056386, -0.067528, 0.124994, 0.068868, -0.977426, 0.199728, -0.002831, -0.054742, -0.203604, -0.977522, -1.2e-05, 0.0, 0.0, 0.0, 1.0],
                [0.996122, 0.056386, -0.067528, 0.124994, 0.068868, -0.977426, 0.199728, -0.002831, -0.054742, -0.203604, -0.977522, -1.2e-05, 0.0, 0.0, 0.0, 1.0]
            ]
        },
        {
            "name": "Leg_R",
            "time": [0.0, 2.6667],
            "transform": [
                [1.0, -0.0, 2e-06, -0.0, -0.0, 0.9661, 0.258173, 0.37472, -2e-06, -0.258173, 0.966098, -0.0, 0.0, 0.0, 0.0, 1.0],
                [1.0, -0.0, 2e-06, -0.0, -0.0, 0.9661, 0.258173, 0.37472, -2e-06, -0.258173, 0.966098, -0.0, 0.0, 0.0, 0.0, 1.0]
            ]
        },
        {
            "name": "Knee_R",
            "time": [0.0, 2.6667],
            "transform": [
                [1.0, 0.0, -0.0, -0.0, -0.0, 1e-06, -1.0, 0.37472, -0.0, 1.0, 1e-06, -0.0, 0.0, 0.0, 0.0, 1.0],
                [1.0, 0.0, -0.0, -0.0, -0.0, 1e-06, -1.0, 0.37472, -0.0, 1.0, 1e-06, -0.0, 0.0, 0.0, 0.0, 1.0]
            ]
        },
        {
            "name": "Thigh_L",
            "time": [0.0, 2.6667],
            "transform": [
                [0.866588, -0.133703, -0.480778, -0.125006, -0.027838, -0.974891, 0.220935, -0.002831, -0.498245, -0.178075, -0.848552, -1.2e-05, 0.0, 0.0, 0.0, 1.0],
                [0.866588, -0.133703, -0.480778, -0.125006, -0.027838, -0.974891, 0.220935, -0.002831, -0.498245, -0.178075, -0.848552, -1.2e-05, 0.0, 0.0, 0.0, 1.0]
            ]
        },
        {
            "name": "Leg_L",
            "time": [0.0, 2.6667],
            "transform": [
                [1.0, -0.0, 1e-06, 0.0, 0.0, 0.984973, 0.172708, 0.37472, -1e-06, -0.172708, 0.984973, 0.0, 0.0, 0.0, 0.0, 1.0],
                [1.0, -0.0, 1e-06, 0.0, 0.0, 0.984973, 0.172708, 0.37472, -1e-06, -0.172708, 0.984973, 0.0, 0.0, 0.0, 0.0, 1.0]
            ]
        },
        {
            "name": "Knee_L",
            "time": [0.0, 2.6667],
            "transform": [
                [1.0, 0.0, -0.0, 0.0, -0.0, 1e-06, -1.0, 0.37472, -0.0, 1.0, 1e-06, 0.0, 0.0, 0.0, 0.0, 1.0],
                [1.0, 0.0, -0.0, 0.0, -0.0, 1e-06, -1.0, 0.37472, -0.0, 1.0, 1e-06, 0.0, 0.0, 0.0, 0.0, 1.0]
            ]
        },
        {
            "name": "Torso",
            "time": [0.0, 2.6667],
            "transform": [
                [0.99978, -0.020968, -0.000197, -0.0, 0.020968, 0.999603, 0.018828, 0.05, -0.000197, -0.018828, 0.999823, 0.0, 0.0, 0.0, 0.0, 1.0],
                [0.99978, -0.020968, -0.000197, -0.0, 0.020968, 0.999603, 0.018828, 0.05, -0.000197, -0.018828, 0.999823, 0.0, 0.0, 0.0, 0.0, 1.0]
            ]
        },
        {
            "name": "Chest",
            "time": [0.0, 1.3333, 2.6667],
            "transform": [
                [0.913961, -0.033187, 0.404443, 0.0, 0.030831, 0.999448, 0.01234, 0.3, -0.404629, 0.001191, 0.91448, -0.0, 0.0, 0.0, 0.0, 1.0],
                [0.927703, -0.142389, 0.345098, 0.0, 0.060636, 0.969601, 0.23706, 0.3, -0.368362, -0.198996, 0.908135, -0.0, 0.0, 0.0, 0.0, 1.0],
                [0.913961, -0.033187, 0.404443, 0.0, 0.030831, 0.999448, 0.01234, 0.3, -0.404629, 0.001191, 0.91448, -0.0, 0.0, 0.0, 0.0, 1.0]
            ]
        },
        {
            "name": "Head",
            "time": [0.0, 1.3333, 2.6667],
            "transform": [
                [0.989016, 0.03176, 0.144357, 0.0, -0.026637, 0.99895, -0.037286, 0.4, -0.145389, 0.033031, 0.988823, 0.0, 0.0, 0.0, 0.0, 1.0],
                [0.99218, 0.016771, 0.123683, 0.0, -0.046615, 0.969018, 0.24255, 0.4, -0.115784, -0.246419, 0.962222, -0.0, 0.0, 0.0, 0.0, 1.0],
                [0.989016, 0.03176, 0.144357, 0.0, -0.026637, 0.99895, -0.037286, 0.4, -0.145389, 0.033031, 0.988823, 0.0, 0.0, 0.0, 0.0, 1.0]
            ]
        },
        {
            "name": "Shoulder_R",
            "time": [0.0, 1.3333, 2.6667],
            "transform": [
                [-0.231826, 0.900538, 0.367815, 0.0, -0.035997, -0.385799, 0.92188, 0.4, 0.972091, 0.200476, 0.121855, 0.0, 0.0, 0.0, 0.0, 1.0],
                [-0.270369, 0.895261, 0.35413, 0.0, -0.038201, -0.377515, 0.925215, 0.4, 0.961998, 0.236622, 0.136268, -0.0, 0.0, 0.0, 0.0, 1.0],
                [-0.231826, 0.900538, 0.367815, 0.0, -0.035997, -0.385799, 0.92188, 0.4, 0.972091, 0.200476, 0.121855, 0.0, 0.0, 0.0, 0.0, 1.0]
            ]
        },
        {
            "name": "Arm_R",
            "time": [0.0, 1.3333, 2.6667],
            "transform": [
                [0.50363, -0.104662, -0.857556, 0.0, 0.68353, 0.655331, 0.321446, 0.39386, 0.52834, -0.748055, 0.401584, -0.0, 0.0, 0.0, 0.0, 1.0],
                [0.426552, -0.299848, -0.853314, -0.0, 0.766429, 0.62078, 0.164983, 0.39386, 0.48025, -0.724378, 0.494607, 0.0, 0.0, 0.0, 0.0, 1.0],
                [0.50363, -0.104662, -0.857556, 0.0, 0.68353, 0.655331, 0.321446, 0.39386, 0.52834, -0.748055, 0.401584, -0.0, 0.0, 0.0, 0.0, 1.0]
            ]
        },
        {
            "name": "Hand_R",
            "time": [0.0, 2.6667],
            "transform": [
                [1.0, -0.0, 0.0, 0.0, -0.0, 0.993937, 0.109947, 0.3, -0.0, -0.109947, 0.993937, -0.0, 0.0, 0.0, 0.0, 1.0],
                [1.0, -0.0, 0.0, 0.0, -0.0, 0.993937, 0.109947, 0.3, -0.0, -0.109947, 0.993937, -0.0, 0.0, 0.0, 0.0, 1.0]
            ]
        },
        {
            "name": "Tool_R",
            "time": [0.0, 2.6667],
            "transform": [
                [0.983345, -0.173827, 0.053071, -0.0, -0.110087, -0.802008, -0.587082, 0.272858, 0.144527, 0.571115, -0.807314, -0.0, 0.0, 0.0, 0.0, 1.0],
                [0.983345, -0.173827, 0.053071, -0.0, -0.110087, -0.802008, -0.587082, 0.272858, 0.144527, 0.571115, -0.807314, -0.0, 0.0, 0.0, 0.0, 1.0]
            ]
        },
        {
            "name": "Elbow_R",
            "time": [0.0, 2.6667],
            "transform": [
                [-1.0, 0.0, -0.0, 0.0, 0.0, -0.0, -1.0, 0.3, -0.0, -1.0, 0.0, -0.0, 0.0, 0.0, 0.0, 1.0],
                [-1.0, 0.0, -0.0, 0.0, 0.0, -0.0, -1.0, 0.3, -0.0, -1.0, 0.0, -0.0, 0.0, 0.0, 0.0, 1.0]
            ]
        },
        {
            "name": "Shoulder_L",
            "time": [0.0, 1.3333, 2.6667],
            "transform": [
                [0.0906, -0.918964, -0.383793, 0.0, 0.015758, -0.384007, 0.923196, 0.4, -0.995763, -0.089689, -0.02031, 0.0, 0.0, 0.0, 0.0, 1.0],
                [0.057133, -0.930643, -0.361441, 0.0, 0.012426, -0.361342, 0.932351, 0.4, -0.998289, -0.057759, -0.00908, -0.0, 0.0, 0.0, 0.0, 1.0],
                [0.0906, -0.918964, -0.383793, 0.0, 0.015758, -0.384007, 0.923196, 0.4, -0.995763, -0.089689, -0.02031, 0.0, 0.0, 0.0, 0.0, 1.0]
            ]
        },
        {
            "name": "Arm_L",
            "time": [0.0, 2.6667],
            "transform": [
                [0.203151, -0.628671, 0.750668, 0.0, -0.880059, 0.218832, 0.421436, 0.39386, -0.429215, -0.746247, -0.508811, -0.0, 0.0, 0.0, 0.0, 1.0],
                [0.203151, -0.628671, 0.750668, 0.0, -0.880059, 0.218832, 0.421436, 0.39386, -0.429215, -0.746247, -0.508811, -0.0, 0.0, 0.0, 0.0, 1.0]
            ]
        },
        {
            "name": "Hand_L",
            "time": [0.0, 2.6667],
            "transform": [
                [0.998937, -0.001048, 0.046077, 0.0, 0.046039, -0.02411, -0.998649, 0.3, 0.002157, 0.999709, -0.024036, -0.0, 0.0, 0.0, 0.0, 1.0],
                [0.998937, -0.001048, 0.046077, 0.0, 0.046039, -0.02411, -0.998649, 0.3, 0.002157, 0.999709, -0.024036, -0.0, 0.0, 0.0, 0.0, 1.0]
            ]
        },
        {
            "name": "Tool_L",
            "time": [0.0, 2.6667],
            "transform": [
                [0.997004, 0.01104, -0.076554, -0.0, -0.036659, -0.804079, -0.593392, 0.272858, -0.068067, 0.594062, -0.8008, -0.0, 0.0, 0.0, 0.0, 1.0],
                [0.997004, 0.01104, -0.076554, -0.0, -0.036659, -0.804079, -0.593392, 0.272858, -0.068067, 0.594062, -0.8008, -0.0, 0.0, 0.0, 0.0, 1.0]
            ]
        },
        {
            "name": "Elbow_L",
            "time": [0.0, 2.6667],
            "transform": [
                [-1.0, 0.0, -0.0, -0.008123, 0.0, -0.0, -1.0, 0.463316, -0.0, -1.0, -0.0, -9.4e-05, 0.0, 0.0, 0.0, 1.0],
                [-1.0, 0.0, -0.0, -0.008123, 0.0, -0.0, -1.0, 0.463316, -0.0, -1.0, -0.0, -9.4e-05, 0.0, 0.0, 0.0, 1.0]
            ]
        }
    ]
}