{
    "animation": [
        {
            "name": "Root",
            "time": [0.0, 2.6667],
            "transform": [
                [0.817735, 0.0, 0.575595, -5e-06, 0.574941, 0.047664, -0.816806, 0.000946, -0.027435, 0.998863, 0.038976, 0.691115, 0.0, 0.0, 0.0, 1.0],
                [0.817735, 0.0, 0.575595, -5e-06, 0.574941, 0.047664, -0.816806, 0.000946, -0.027435, 0.998863, 0.038976, 0.691115, 0.0, 0.0, 0.0, 1.0]
            ]
        },
        {
            "name": "Thigh_R",
            "time": [0.0, 2.6667],
            "transform": [
                [0.827927, 0.363789, 0.426841, 0.124994, 0.046726, -0.803176, 0.593904, -0.002831, 0.558885, -0.471764, -0.681972, -1.2e-05, 0.0, 0.0, 0.0, 1.0],
                [0.827927, 0.363789, 0.426841, 0.124994, 0.046726, -0.803176, 0.593904, -0.002831, 0.558885, -0.471764, -0.681972, -1.2e-05, 0.0, 0.0, 0.0, 1.0]
            ]
        },
        {
            "name": "Leg_R",
            "time": [0.0, 2.6667],
            "transform": [
                [0.999985, 0.002113, 0.004993, -0.0, -0.004501, 0.836978, 0.547219, 0.37472, -0.003022, -0.547234, 0.836974, -0.0, 0.0, 0.0, 0.0, 1.0],
                [0.999985, 0.002113, 0.004993, -0.0, -0.004501, 0.836978, 0.547219, 0.37472, -0.003022, -0.547234, 0.836974, -0.0, 0.0, 0.0, 0.0, 1.0]
            ]
        },
        {
            "name": "Knee_R",
            "time": [0.0, 2.6667],
            "transform": [
                [1.0, 0.0, -0.0, 0.000184, -0.0, 1e-06, -1.0, 0.394379, -0.0, 1.0, 1e-06, -0.001698, 0.0, 0.0, 0.0, 1.0],
                [1.0, 0.0, -0.0, 0.000184, -0.0, 1e-06, -1.0, 0.394379, -0.0, 1.0, 1e-06, -0.001698, 0.0, 0.0, 0.0, 1.0]
            ]
        },
        {
            "name": "Thigh_L",
            "time": [0.0, 2.6667],
            "transform": [
                [0.963801, -0.242143, 0.111594, -0.125006, -0.220569, -0.95927, -0.176493, -0.002831, 0.149785, 0.145491, -0.977955, -1.2e-05, 0.0, 0.0, 0.0, 1.0],
                [0.963801, -0.242143, 0.111594, -0.125006, -0.220569, -0.95927, -0.176493, -0.002831, 0.149785, 0.145491, -0.977955, -1.2e-05, 0.0, 0.0, 0.0, 1.0]
            ]
        },
        {
            "name": "Leg_L",
            "time": [0.0, 2.6667],
            "transform": [
                [1.0, -0.0, 1e-06, 0.0, -0.0, 0.94025, 0.340484, 0.37472, -1e-06, -0.340484, 0.940251, 0.0, 0.0, 0.0, 0.0, 1.0],
                [1.0, -0.0, 1e-06, 0.0, -0.0, 0.94025, 0.340484, 0.37472, -1e-06, -0.340484, 0.940251, 0.0, 0.0, 0.0, 0.0, 1.0]
            ]
        },
        {
            "name": "Knee_L",
            "time": [0.0, 2.6667],
            "transform": [
                [1.0, 0.0, -0.0, 0.0, -0.0, 1e-06, -1.0, 0.37472, -0.0, 1.0, 1e-06, 0.0, 0.0, 0.0, 0.0, 1.0],
                [1.0, 0.0, -0.0, 0.0, -0.0, 1e-06, -1.0, 0.37472, -0.0, 1.0, 1e-06, 0.0, 0.0, 0.0, 0.0, 1.0]
            ]
        },
        {
            "name": "Torso",
            "time": [0.0, 1.3333, 2.6667],
            "transform": [
                [0.99978, -0.020971, -0.000198, 0.0, 0.020971, 0.999603, 0.018833, 0.05, -0.000197, -0.018833, 0.999823, 0.0, 0.0, 0.0, 0.0, 1.0],
                [0.99755, 0.023435, -0.065907, 0.0, -0.020785, 0.998959, 0.04061, 0.05, 0.06679, -0.039141, 0.996999, 0.0, 0.0, 0.0, 0.0, 1.0],
                [0.99978, -0.020971, -0.000198, 0.0, 0.020971, 0.999603, 0.018833, 0.05, -0.000197, -0.018833, 0.999823, 0.0, 0.0, 0.0, 0.0, 1.0]
            ]
        },
        {
            "name": "Chest",
            "time": [0.0, 1.3333, 2.6667],
            "transform": [
                [0.879796, -0.001361, 0.47535, 0.0, -0.015111, 0.99941, 0.03083, 0.3, -0.475112, -0.034307, 0.879256, 0.0, 0.0, 0.0, 0.0, 1.0],
                [0.831872, 0.102242, 0.545469, 0.0, -0.315308, 0.895909, 0.312934, 0.3, -0.456696, -0.432312, 0.777519, -0.0, 0.0, 0.0, 0.0, 1.0],
                [0.879796, -0.001361, 0.47535, 0.0, -0.015111, 0.99941, 0.03083, 0.3, -0.475112, -0.034307, 0.879256, 0.0, 0.0, 0.0, 0.0, 1.0]
            ]
        },
        {
            "name": "Head",
            "time": [0.0, 1.3333, 2.6667],
            "transform": [
                [0.344388, -0.052243, -0.937373, -0.0, 0.055207, 0.99785, -0.03533, 0.4, 0.937203, -0.039582, 0.346532, 0.0, 0.0, 0.0, 0.0, 1.0],
                [0.770601, 0.014456, -0.637154, 0.0, -8.3e-05, 0.999745, 0.022582, 0.4, 0.637318, -0.017349, 0.770406, 0.0, 0.0, 0.0, 0.0, 1.0],
                [0.344388, -0.052243, -0.937373, -0.0, 0.055207, 0.99785, -0.03533, 0.4, 0.937203, -0.039582, 0.346532, 0.0, 0.0, 0.0, 0.0, 1.0]
            ]
        },
        {
            "name": "Shoulder_R",
            "time": [0.0, 2.6667],
            "transform": [
                [0.576903, 0.807926, 0.120161, -0.0, 0.235328, -0.305272, 0.922729, 0.4, 0.782178, -0.504048, -0.36624, 0.0, 0.0, 0.0, 0.0, 1.0],
                [0.576903, 0.807926, 0.120161, -0.0, 0.235328, -0.305272, 0.922729, 0.4, 0.782178, -0.504048, -0.36624, 0.0, 0.0, 0.0, 0.0, 1.0]
            ]
        },
        {
            "name": "Arm_R",
            "time": [0.0, 2.6667, 1.3333],
            "transform": [
                [-0.33846, -0.677482, 0.653041, 0.0, -0.654175, -0.329446, -0.680823, 0.39386, 0.676387, -0.657634, -0.331688, -0.0, 0.0, 0.0, 0.0, 1.0],
                [-0.382768, -0.732124, 0.563456, -0.0, -0.696581, -0.171914, -0.696578, 0.39386, 0.606847, -0.659121, -0.444181, -0.0, 0.0, 0.0, 0.0, 1.0],
                [-0.33846, -0.677482, 0.653041, 0.0, -0.654175, -0.329446, -0.680823, 0.39386, 0.676387, -0.657634, -0.331688, -0.0, 0.0, 0.0, 0.0, 1.0]
            ]
        },
        {
            "name": "Hand_R",
            "time": [0.0, 2.6667],
            "transform": [
                [1.0, 0.0, 0.0, -0.0, -0.0, 0.993938, 0.109947, 0.3, -0.0, -0.109947, 0.993938, -0.0, 0.0, 0.0, 0.0, 1.0],
                [1.0, 0.0, 0.0, -0.0, -0.0, 0.993938, 0.109947, 0.3, -0.0, -0.109947, 0.993938, -0.0, 0.0, 0.0, 0.0, 1.0]
            ]
        },
        {
            "name": "Tool_R",
            "time": [0.0, 2.6667],
            "transform": [
                [0.508194, 0.808834, -0.29585, 0.020272, 0.575711, -0.574524, -0.581789, 0.263336, -0.640158, 0.125258, -0.757182, 0.017287, 0.0, 0.0, 0.0, 1.0],
                [0.508194, 0.808834, -0.29585, 0.020272, 0.575711, -0.574524, -0.581789, 0.263336, -0.640158, 0.125258, -0.757182, 0.017287, 0.0, 0.0, 0.0, 1.0]
            ]
        },
        {
            "name": "Elbow_R",
            "time": [0.0, 2.6667],
            "transform": [
                [-1.0, 0.0, 0.0, -0.0, 0.0, 0.0, -1.0, 0.3, -0.0, -1.0, 0.0, -0.0, 0.0, 0.0, 0.0, 1.0],
                [-1.0, 0.0, 0.0, -0.0, 0.0, 0.0, -1.0, 0.3, -0.0, -1.0, 0.0, -0.0, 0.0, 0.0, 0.0, 1.0]
            ]
        },
        {
            "name": "Shoulder_L",
            "time": [0.0, 1.3333, 2.6667],
            "transform": [
                [0.36618, -0.889578, -0.273062, -0.0, -0.00038, -0.293586, 0.955933, 0.4, -0.930544, -0.34994, -0.107844, 0.0, 0.0, 0.0, 0.0, 1.0],
                [0.38406, -0.842016, -0.378822, 0.0, 0.132256, -0.355887, 0.925123, 0.4, -0.913787, -0.405405, -0.02532, 0.0, 0.0, 0.0, 0.0, 1.0],
                [0.36618, -0.889578, -0.273062, -0.0, -0.00038, -0.293586, 0.955933, 0.4, -0.930544, -0.34994, -0.107844, 0.0, 0.0, 0.0, 0.0, 1.0]
            ]
        },
        {
            "name": "Arm_L",
            "time": [0.0, 2.6667, 1.3333],
            "transform": [
                [-0.600386, -0.277462, 0.750035, 0.0, -0.708193, 0.620134, -0.337485, 0.39386, -0.371483, -0.73379, -0.568816, -0.0, 0.0, 0.0, 0.0, 1.0],
                [-0.604341, -0.089092, 0.791729, 0.0, -0.681293, 0.572974, -0.455567, 0.39386, -0.413053, -0.814717, -0.406969, -0.0, 0.0, 0.0, 0.0, 1.0],
                [-0.600386, -0.277462, 0.750035, 0.0, -0.708193, 0.620134, -0.337485, 0.39386, -0.371483, -0.73379, -0.568816, -0.0, 0.0, 0.0, 0.0, 1.0]
            ]
        },
        {
            "name": "Hand_L",
            "time": [0.0, 2.6667],
            "transform": [
                [1.0, -0.000125, 0.000568, -0.0, 0.000538, 0.567478, -0.823389, 0.3, -0.00022, 0.823389, 0.567478, -0.0, 0.0, 0.0, 0.0, 1.0],
                [1.0, -0.000125, 0.000568, -0.0, 0.000538, 0.567478, -0.823389, 0.3, -0.00022, 0.823389, 0.567478, -0.0, 0.0, 0.0, 0.0, 1.0]
            ]
        },
        {
            "name": "Tool_L",
            "time": [0.0, 2.6667],
            "transform": [
                [0.981422, -0.179776, 0.067015, 0.088092, -0.130152, -0.880461, -0.455904, 0.141162, 0.14088, 0.438444, -0.886985, -0.088018, 0.0, 0.0, 0.0, 1.0],
                [0.981422, -0.179776, 0.067015, 0.088092, -0.130152, -0.880461, -0.455904, 0.141162, 0.14088, 0.438444, -0.886985, -0.088018, 0.0, 0.0, 0.0, 1.0]
            ]
        },
        {
            "name": "Elbow_L",
            "time": [0.0, 2.6667],
            "transform": [
                [-1.0, 0.0, -0.0, -0.0, 0.0, -0.0, -1.0, 0.395677, -0.0, -1.0, -0.0, -0.0, 0.0, 0.0, 0.0, 1.0],
                [-1.0, 0.0, -0.0, -0.0, 0.0, -0.0, -1.0, 0.395677, -0.0, -1.0, -0.0, -0.0, 0.0, 0.0, 0.0, 1.0]
            ]
        }
    ]
}