{
    "animation": [
        {
            "name": "Root",
            "time": [0.0, 0.2, 0.4, 0.6, 0.8],
            "transform": [
                [0.701713, 0.0, -0.71246, -5e-06, -0.71246, 0.0, -0.701713, -0.00425, 0.0, 1.0, 0.0, 0.766502, 0.0, 0.0, 0.0, 1.0],
                [0.701713, 0.0, -0.71246, -5e-06, -0.71246, 0.0, -0.701713, -0.00425, 0.0, 1.0, 0.0, 0.688303, 0.0, 0.0, 0.0, 1.0],
                [0.701713, 0.0, -0.71246, -5e-06, -0.71246, 0.0, -0.701713, -0.00425, 0.0, 1.0, 0.0, 0.766502, 0.0, 0.0, 0.0, 1.0],
                [0.701713, 0.0, -0.71246, -5e-06, -0.71246, 0.0, -0.701713, -0.00425, 0.0, 1.0, 0.0, 0.683924, 0.0, 0.0, 0.0, 1.0],
                [0.701713, 0.0, -0.71246, -5e-06, -0.71246, 0.0, -0.701713, -0.00425, 0.0, 1.0, 0.0, 0.766502, 0.0, 0.0, 0.0, 1.0]
            ]
        },
        {
            "name": "Thigh_R",
            "time": [0.0, 0.2, 0.4, 0.6, 0.8],
            "transform": [
                [0.698945, -0.407977, -0.587392, 0.148814, 0.0, -0.821325, 0.570459, -0.002831, -0.715175, -0.398719, -0.574063, -0.024197, 0.0, 0.0, 0.0, 1.0],
                [0.699781, -0.452578, -0.552702, 0.151699, 8.6e-05, -0.77365, 0.633612, -0.002831, -0.714357, -0.443436, -0.541348, -0.027126, 0.0, 0.0, 0.0, 1.0],
                [0.700549, -0.031127, -0.712925, 0.148699, 0.0, -0.999046, 0.04362, -0.002831, -0.713604, -0.030558, -0.699882, -0.02408, 0.0, 0.0, 0.0, 1.0],
                [0.70103, 0.288156, -0.652321, 0.153967, 0.0, -0.914725, -0.404072, -0.002831, -0.713131, 0.283266, -0.641252, -0.029428, 0.0, 0.0, 0.0, 1.0],
                [0.698945, -0.407977, -0.587392, 0.148814, 0.0, -0.821325, 0.570459, -0.002831, -0.715175, -0.398719, -0.574063, -0.024197, 0.0, 0.0, 0.0, 1.0]
            ]
        },
        {
            "name": "Leg_R",
            "time": [0.0, 0.2, 0.4, 0.6, 0.8],
            "transform": [
                [1.0, 0.0, 1e-06, -0.0, -1e-06, 0.375306, 0.9269, 0.37472, -0.0, -0.926902, 0.375306, 0.0, 0.0, 0.0, 0.0, 1.0],
                [1.0, 0.0, 1e-06, 0.0, -1e-06, 0.773965, 0.633228, 0.37472, -1e-06, -0.633229, 0.773964, 0.0, 0.0, 0.0, 0.0, 1.0],
                [1.0, 0.0, 1e-06, -0.0, -0.0, 0.996195, 0.087156, 0.37472, -1e-06, -0.087156, 0.996194, -0.0, 0.0, 0.0, 0.0, 1.0],
                [1.0, 0.0, 1e-06, 0.0, -0.0, 0.996195, 0.087156, 0.37472, -1e-06, -0.087156, 0.996194, 0.0, 0.0, 0.0, 0.0, 1.0],
                [1.0, 0.0, 1e-06, -0.0, -1e-06, 0.375306, 0.9269, 0.37472, -0.0, -0.926902, 0.375306, 0.0, 0.0, 0.0, 0.0, 1.0]
            ]
        },
        {
            "name": "Knee_R",
            "time": [0.0, 0.2, 0.4, 0.6, 0.8],
            "transform": [
                [1.0, 0.0, -0.0, -0.000207, -0.0, 1e-06, -1.0, 0.444977, -0.0, 1.0, 1e-06, 0.001687, 0.0, 0.0, 0.0, 1.0],
                [1.0, 0.0, -0.0, -0.001059, -0.0, 1e-06, -1.0, 0.402875, -0.0, 1.0, 1e-06, -0.00393, 0.0, 0.0, 0.0, 1.0],
                [1.0, 0.0, -0.0, -0.0, -0.0, 1e-06, -1.0, 0.37472, -0.0, 1.0, 1e-06, -0.0, 0.0, 0.0, 0.0, 1.0],
                [1.0, 0.0, -0.0, 0.0, -0.0, 1e-06, -1.0, 0.37472, -0.0, 1.0, 1e-06, 0.0, 0.0, 0.0, 0.0, 1.0],
                [1.0, 0.0, -0.0, -0.000207, -0.0, 1e-06, -1.0, 0.444977, -0.0, 1.0, 1e-06, 0.001687, 0.0, 0.0, 0.0, 1.0]
            ]
        },
        {
            "name": "Thigh_L",
            "time": [0.0, 0.2, 0.4, 0.6, 0.8],
            "transform": [
                [0.68975, -0.031583, -0.723357, -0.160621, 0.0, -0.999048, 0.04362, -0.002831, -0.724046, -0.030087, -0.689094, 0.036148, 0.0, 0.0, 0.0, 1.0],
                [0.695617, 0.28347, -0.660122, -0.15716, -0.000222, -0.918777, -0.394776, -0.002831, -0.718412, 0.27476, -0.639054, 0.032635, 0.0, 0.0, 0.0, 1.0],
                [0.700564, -0.273079, -0.65927, -0.153979, 0.0, -0.923879, 0.382684, -0.002831, -0.713589, -0.268094, -0.647237, 0.029405, 0.0, 0.0, 0.0, 1.0],
                [0.702751, -0.454063, -0.547692, -0.156613, 0.0, -0.769842, 0.638234, -0.002831, -0.711434, -0.448521, -0.541008, 0.032079, 0.0, 0.0, 0.0, 1.0],
                [0.68975, -0.031583, -0.723357, -0.160621, 0.0, -0.999048, 0.04362, -0.002831, -0.724046, -0.030087, -0.689094, 0.036148, 0.0, 0.0, 0.0, 1.0]
            ]
        },
        {
            "name": "Leg_L",
            "time": [0.0, 0.2, 0.4, 0.6, 0.8],
            "transform": [
                [1.0, 0.0, 1e-06, 0.0, -0.0, 0.996194, 0.087156, 0.37472, -1e-06, -0.087156, 0.996195, 0.0, 0.0, 0.0, 0.0, 1.0],
                [1.0, 0.0, 1e-06, 0.0, -0.0, 0.996194, 0.087156, 0.37472, -1e-06, -0.087156, 0.996195, -0.0, 0.0, 0.0, 0.0, 1.0],
                [1.0, -0.0, 1e-06, -0.0, -1e-06, 0.573576, 0.819152, 0.37472, -0.0, -0.819152, 0.573577, 0.0, 0.0, 0.0, 0.0, 1.0],
                [1.0, 0.0, 1e-06, -0.0, -1e-06, 0.769068, 0.639167, 0.37472, -1e-06, -0.639166, 0.769069, -0.0, 0.0, 0.0, 0.0, 1.0],
                [1.0, 0.0, 1e-06, 0.0, -0.0, 0.996194, 0.087156, 0.37472, -1e-06, -0.087156, 0.996195, 0.0, 0.0, 0.0, 0.0, 1.0]
            ]
        },
        {
            "name": "Knee_L",
            "time": [0.0, 0.2, 0.4, 0.6, 0.8],
            "transform": [
                [1.0, 0.0, -0.0, 0.0, -0.0, 1e-06, -1.0, 0.37472, -0.0, 1.0, 1e-06, 0.0, 0.0, 0.0, 0.0, 1.0],
                [1.0, 0.0, -0.0, 0.0, -0.0, 1e-06, -1.0, 0.37472, -0.0, 1.0, 1e-06, -0.0, 0.0, 0.0, 0.0, 1.0],
                [1.0, 0.0, -0.0, -0.00022, -0.0, 1e-06, -1.0, 0.424225, -0.0, 1.0, 1e-06, 0.001263, 0.0, 0.0, 0.0, 1.0],
                [1.0, 0.0, -0.0, 0.000131, -0.0, 1e-06, -1.0, 0.399402, -0.0, 1.0, 1e-06, -0.001413, 0.0, 0.0, 0.0, 1.0],
                [1.0, 0.0, -0.0, 0.0, -0.0, 1e-06, -1.0, 0.37472, -0.0, 1.0, 1e-06, 0.0, 0.0, 0.0, 0.0, 1.0]
            ]
        },
        {
            "name": "Torso",
            "time": [0.0, 0.2, 0.4, 0.6, 0.8],
            "transform": [
                [0.99978, -0.020971, -0.000197, -0.0, 0.020971, 0.999603, 0.018833, 0.05, -0.000198, -0.018833, 0.999823, -0.0, 0.0, 0.0, 0.0, 1.0],
                [0.998041, -0.062535, -0.001834, -0.0, 0.062532, 0.996252, 0.059772, 0.05, -0.00191, -0.05977, 0.99821, -0.0, 0.0, 0.0, 0.0, 1.0],
                [0.99978, -0.020971, -0.000197, -0.0, 0.020971, 0.999603, 0.018833, 0.05, -0.000198, -0.018833, 0.999823, -0.0, 0.0, 0.0, 0.0, 1.0],
                [0.998041, -0.062535, -0.001834, -0.0, 0.062532, 0.996252, 0.059772, 0.05, -0.00191, -0.05977, 0.99821, -0.0, 0.0, 0.0, 0.0, 1.0],
                [0.99978, -0.020971, -0.000197, -0.0, 0.020971, 0.999603, 0.018833, 0.05, -0.000198, -0.018833, 0.999823, -0.0, 0.0, 0.0, 0.0, 1.0]
            ]
        },
        {
            "name": "Chest",
            "time": [0.0, 0.2, 0.4, 0.6, 0.8],
            "transform": [
                [0.805198, -0.592885, 0.01199, -0.0, 0.454493, 0.629982, 0.629729, 0.3, -0.380911, -0.501607, 0.776722, -0.0, 0.0, 0.0, 0.0, 1.0],
                [0.822849, -0.568247, 0.003938, 0.0, 0.471321, 0.686334, 0.553898, 0.3, -0.317453, -0.453918, 0.832576, 0.0, 0.0, 0.0, 0.0, 1.0],
                [0.805198, -0.592885, 0.01199, -0.0, 0.454493, 0.629982, 0.629729, 0.3, -0.380911, -0.501607, 0.776722, -0.0, 0.0, 0.0, 0.0, 1.0],
                [0.822849, -0.568247, 0.003938, -0.0, 0.471321, 0.686334, 0.553898, 0.3, -0.317453, -0.453918, 0.832576, 0.0, 0.0, 0.0, 0.0, 1.0],
                [0.805198, -0.592885, 0.01199, -0.0, 0.454493, 0.629982, 0.629729, 0.3, -0.380911, -0.501607, 0.776722, -0.0, 0.0, 0.0, 0.0, 1.0]
            ]
        },
        {
            "name": "Head",
            "time": [0.0, 0.2, 0.4, 0.6, 0.8],
            "transform": [
                [0.736298, 0.166151, 0.655942, -0.0, -0.00404, 0.970447, -0.24128, 0.4, -0.676646, 0.175004, 0.715209, -0.0, 0.0, 0.0, 0.0, 1.0],
                [0.669737, -0.072404, 0.73906, 0.0, -0.0018, 0.995074, 0.099117, 0.4, -0.742596, -0.067712, 0.666308, 0.0, 0.0, 0.0, 0.0, 1.0],
                [0.736298, 0.166151, 0.655942, -0.0, -0.00404, 0.970447, -0.24128, 0.4, -0.676646, 0.175004, 0.715209, -0.0, 0.0, 0.0, 0.0, 1.0],
                [0.669737, -0.072404, 0.73906, 0.0, -0.0018, 0.995074, 0.099117, 0.4, -0.742596, -0.067712, 0.666308, 0.0, 0.0, 0.0, 0.0, 1.0],
                [0.736298, 0.166151, 0.655942, -0.0, -0.00404, 0.970447, -0.24128, 0.4, -0.676646, 0.175004, 0.715209, -0.0, 0.0, 0.0, 0.0, 1.0]
            ]
        },
        {
            "name": "Shoulder_R",
            "time": [0.0, 0.2, 0.4, 0.6, 0.8],
            "transform": [
                [0.374211, 0.88687, 0.270976, -0.0, -0.014232, -0.28668, 0.95792, 0.4, 0.927234, -0.362321, -0.094657, -0.0, 0.0, 0.0, 0.0, 1.0],
                [0.374211, 0.88687, 0.270976, 0.0, -0.014232, -0.28668, 0.957921, 0.4, 0.927234, -0.362321, -0.094657, 0.0, 0.0, 0.0, 0.0, 1.0],
                [0.374211, 0.88687, 0.270976, -0.0, -0.014232, -0.28668, 0.95792, 0.4, 0.927234, -0.362321, -0.094657, -0.0, 0.0, 0.0, 0.0, 1.0],
                [0.374211, 0.88687, 0.270976, 0.0, -0.014232, -0.28668, 0.957921, 0.4, 0.927234, -0.362321, -0.094657, 0.0, 0.0, 0.0, 0.0, 1.0],
                [0.374211, 0.88687, 0.270976, -0.0, -0.014232, -0.28668, 0.95792, 0.4, 0.927234, -0.362321, -0.094657, -0.0, 0.0, 0.0, 0.0, 1.0]
            ]
        },
        {
            "name": "Arm_R",
            "time": [0.0, 0.2, 0.4, 0.6, 0.8],
            "transform": [
                [0.0468, -0.30214, -0.952114, 0.0, 0.990239, 0.139311, 0.004466, 0.393861, 0.13129, -0.943029, 0.30571, 0.0, 0.0, 0.0, 0.0, 1.0],
                [0.0468, -0.30214, -0.952114, 0.0, 0.990239, 0.139311, 0.004466, 0.393861, 0.13129, -0.943029, 0.30571, -0.0, 0.0, 0.0, 0.0, 1.0],
                [0.0468, -0.30214, -0.952114, 0.0, 0.990239, 0.139311, 0.004466, 0.393861, 0.13129, -0.943029, 0.30571, 0.0, 0.0, 0.0, 0.0, 1.0],
                [0.0468, -0.30214, -0.952114, 0.0, 0.990239, 0.139311, 0.004466, 0.393861, 0.13129, -0.943029, 0.30571, 0.0, 0.0, 0.0, 0.0, 1.0],
                [0.0468, -0.30214, -0.952114, 0.0, 0.990239, 0.139311, 0.004466, 0.393861, 0.13129, -0.943029, 0.30571, 0.0, 0.0, 0.0, 0.0, 1.0]
            ]
        },
        {
            "name": "Hand_R",
            "time": [0.0, 0.2, 0.4, 0.6, 0.8],
            "transform": [
                [0.999985, 0.001325, 0.005391, -0.0, -0.00125, 0.999903, -0.013884, 0.3, -0.005409, 0.013877, 0.999889, 0.0, 0.0, 0.0, 0.0, 1.0],
                [0.999985, 0.001325, 0.005391, -0.0, -0.00125, 0.999903, -0.013884, 0.3, -0.005409, 0.013877, 0.999889, -0.0, 0.0, 0.0, 0.0, 1.0],
                [0.999985, 0.001325, 0.005391, -0.0, -0.00125, 0.999903, -0.013884, 0.3, -0.005409, 0.013877, 0.999889, 0.0, 0.0, 0.0, 0.0, 1.0],
                [0.999985, 0.001325, 0.005391, 0.0, -0.00125, 0.999903, -0.013884, 0.3, -0.005409, 0.013877, 0.999889, 0.0, 0.0, 0.0, 0.0, 1.0],
                [0.999985, 0.001325, 0.005391, -0.0, -0.00125, 0.999903, -0.013884, 0.3, -0.005409, 0.013877, 0.999889, 0.0, 0.0, 0.0, 0.0, 1.0]
            ]
        },
        {
            "name": "Tool_R",
            "time": [0.0, 0.2, 0.4, 0.6, 0.8],
            "transform": [
                [-0.199088, -0.098954, -0.974973, 0.0, 0.088753, -0.992621, 0.082621, 0.272858, -0.975376, -0.070052, 0.20628, 0.0, 0.0, 0.0, 0.0, 1.0],
                [-0.199088, -0.098954, -0.974973, 0.0, 0.088753, -0.992621, 0.082621, 0.272858, -0.975376, -0.070052, 0.20628, 0.0, 0.0, 0.0, 0.0, 1.0],
                [-0.199088, -0.098954, -0.974973, 0.0, 0.088753, -0.992621, 0.082621, 0.272858, -0.975376, -0.070052, 0.20628, 0.0, 0.0, 0.0, 0.0, 1.0],
                [-0.199088, -0.098954, -0.974973, 0.0, 0.088753, -0.992621, 0.082621, 0.272858, -0.975376, -0.070052, 0.20628, 0.0, 0.0, 0.0, 0.0, 1.0],
                [-0.199088, -0.098954, -0.974973, 0.0, 0.088753, -0.992621, 0.082621, 0.272858, -0.975376, -0.070052, 0.20628, 0.0, 0.0, 0.0, 0.0, 1.0]
            ]
        },
        {
            "name": "Elbow_R",
            "time": [0.0, 0.2, 0.4, 0.6, 0.8],
            "transform": [
                [-1.0, 0.0, -0.0, -0.0, 0.0, -0.0, -1.0, 0.3, -0.0, -1.0, 0.0, 0.0, 0.0, 0.0, 0.0, 1.0],
                [-1.0, 0.0, -0.0, -0.0, 0.0, -0.0, -1.0, 0.3, -0.0, -1.0, 0.0, -0.0, 0.0, 0.0, 0.0, 1.0],
                [-1.0, 0.0, -0.0, -0.0, 0.0, -0.0, -1.0, 0.3, -0.0, -1.0, 0.0, 0.0, 0.0, 0.0, 0.0, 1.0],
                [-1.0, 0.0, -0.0, 0.0, 0.0, -0.0, -1.0, 0.3, -0.0, -1.0, 0.0, 0.0, 0.0, 0.0, 0.0, 1.0],
                [-1.0, 0.0, -0.0, -0.0, 0.0, -0.0, -1.0, 0.3, -0.0, -1.0, 0.0, 0.0, 0.0, 0.0, 0.0, 1.0]
            ]
        },
        {
            "name": "Shoulder_L",
            "time": [0.0, 0.2, 0.4, 0.6, 0.8],
            "transform": [
                [0.579028, -0.783605, -0.225144, -0.0, -0.025477, -0.293401, 0.95565, 0.4, -0.81491, -0.547612, -0.189851, -0.0, 0.0, 0.0, 0.0, 1.0],
                [0.579028, -0.783605, -0.225144, 0.0, -0.025477, -0.293401, 0.95565, 0.4, -0.81491, -0.547612, -0.189851, 0.0, 0.0, 0.0, 0.0, 1.0],
                [0.579028, -0.783605, -0.225144, -0.0, -0.025477, -0.293401, 0.95565, 0.4, -0.81491, -0.547612, -0.189851, -0.0, 0.0, 0.0, 0.0, 1.0],
                [0.579028, -0.783605, -0.225144, 0.0, -0.025477, -0.293401, 0.95565, 0.4, -0.81491, -0.547612, -0.189851, 0.0, 0.0, 0.0, 0.0, 1.0],
                [0.579028, -0.783605, -0.225144, -0.0, -0.025477, -0.293401, 0.95565, 0.4, -0.81491, -0.547612, -0.189851, -0.0, 0.0, 0.0, 0.0, 1.0]
            ]
        },
        {
            "name": "Arm_L",
            "time": [0.0, 0.2, 0.4, 0.6, 0.8],
            "transform": [
                [-0.56939, 0.337625, 0.749536, 0.0, -0.789723, 0.02859, -0.612797, 0.39386, -0.228325, -0.940846, 0.250351, 0.0, 0.0, 0.0, 0.0, 1.0],
                [-0.56939, 0.337625, 0.749536, 0.0, -0.789723, 0.02859, -0.612797, 0.393861, -0.228325, -0.940846, 0.250351, -0.0, 0.0, 0.0, 0.0, 1.0],
                [-0.56939, 0.337625, 0.749536, 0.0, -0.789723, 0.02859, -0.612797, 0.39386, -0.228325, -0.940846, 0.250351, 0.0, 0.0, 0.0, 0.0, 1.0],
                [-0.56939, 0.337625, 0.749536, 0.0, -0.789723, 0.02859, -0.612797, 0.39386, -0.228325, -0.940846, 0.250351, -0.0, 0.0, 0.0, 0.0, 1.0],
                [-0.56939, 0.337625, 0.749536, 0.0, -0.789723, 0.02859, -0.612797, 0.39386, -0.228325, -0.940846, 0.250351, 0.0, 0.0, 0.0, 0.0, 1.0]
            ]
        },
        {
            "name": "Hand_L",
            "time": [0.0, 0.2, 0.4, 0.6, 0.8],
            "transform": [
                [1.0, 0.0, 0.0, -0.0, -0.0, 0.993938, 0.109947, 0.3, -0.0, -0.109947, 0.993938, 0.0, 0.0, 0.0, 0.0, 1.0],
                [1.0, 0.0, 0.0, 0.0, 0.0, 0.993938, 0.109947, 0.3, -0.0, -0.109947, 0.993938, -0.0, 0.0, 0.0, 0.0, 1.0],
                [1.0, 0.0, 0.0, -0.0, -0.0, 0.993938, 0.109947, 0.3, -0.0, -0.109947, 0.993938, 0.0, 0.0, 0.0, 0.0, 1.0],
                [1.0, 0.0, 0.0, 0.0, 0.0, 0.993938, 0.109947, 0.3, -0.0, -0.109947, 0.993938, -0.0, 0.0, 0.0, 0.0, 1.0],
                [1.0, 0.0, 0.0, -0.0, -0.0, 0.993938, 0.109947, 0.3, -0.0, -0.109947, 0.993938, 0.0, 0.0, 0.0, 0.0, 1.0]
            ]
        },
        {
            "name": "Tool_L",
            "time": [0.0, 0.2, 0.4, 0.6, 0.8],
            "transform": [
                [1.0, 0.0, 0.0, 0.0, -0.0, -0.999836, 0.018122, 0.272858, 0.0, -0.018122, -0.999248, -0.0, 0.0, 0.0, 0.0, 1.0],
                [1.0, 0.0, 0.0, 0.0, -0.0, -0.999836, 0.018122, 0.272858, 0.0, -0.018122, -0.999248, 0.0, 0.0, 0.0, 0.0, 1.0],
                [1.0, 0.0, 0.0, 0.0, -0.0, -0.999836, 0.018122, 0.272858, 0.0, -0.018122, -0.999248, -0.0, 0.0, 0.0, 0.0, 1.0],
                [1.0, 0.0, 0.0, 0.0, -0.0, -0.999836, 0.018122, 0.272858, 0.0, -0.018122, -0.999248, 0.0, 0.0, 0.0, 0.0, 1.0],
                [1.0, 0.0, 0.0, 0.0, -0.0, -0.999836, 0.018122, 0.272858, 0.0, -0.018122, -0.999248, -0.0, 0.0, 0.0, 0.0, 1.0]
            ]
        },
        {
            "name": "Elbow_L",
            "time": [0.0, 0.2, 0.4, 0.6, 0.8],
            "transform": [
                [-1.0, 0.0, 0.0, -0.0, 0.0, -0.0, -1.0, 0.3, -0.0, -1.0, -0.0, 0.0, 0.0, 0.0, 0.0, 1.0],
                [-1.0, 0.0, -0.0, 0.0, 0.0, -0.0, -1.0, 0.3, -0.0, -1.0, -0.0, -0.0, 0.0, 0.0, 0.0, 1.0],
                [-1.0, 0.0, 0.0, -0.0, 0.0, -0.0, -1.0, 0.3, -0.0, -1.0, -0.0, 0.0, 0.0, 0.0, 0.0, 1.0],
                [-1.0, 0.0, -0.0, 0.0, 0.0, -0.0, -1.0, 0.3, -0.0, -1.0, -0.0, -0.0, 0.0, 0.0, 0.0, 1.0],
                [-1.0, 0.0, 0.0, -0.0, 0.0, -0.0, -1.0, 0.3, -0.0, -1.0, -0.0, 0.0, 0.0, 0.0, 0.0, 1.0]
            ]
        }
    ]
}