{
    "animation": [
        {
            "name": "Root",
            "time": [0.0, 2.6667],
            "transform": [
                [0.854689, 0.0, -0.51914, -5e-06, -0.51914, 0.0, -0.854689, 0.000946, 0.0, 1.0, 0.0, 0.755725, 0.0, 0.0, 0.0, 1.0],
                [0.854689, 0.0, -0.51914, -5e-06, -0.51914, 0.0, -0.854689, 0.000946, 0.0, 1.0, 0.0, 0.755725, 0.0, 0.0, 0.0, 1.0]
            ]
        },
        {
            "name": "Thigh_R",
            "time": [0.0, 2.6667],
            "transform": [
                [0.996122, 0.056386, -0.067528, 0.124994, 0.068868, -0.977426, 0.199728, -0.002831, -0.054742, -0.203604, -0.977522, -1.2e-05, 0.0, 0.0, 0.0, 1.0],
                [0.996122, 0.056386, -0.067528, 0.124994, 0.068868, -0.977426, 0.199728, -0.002831, -0.054742, -0.203604, -0.977522, -1.2e-05, 0.0, 0.0, 0.0, 1.0]
            ]
        },
        {
            "name": "Leg_R",
            "time": [0.0, 2.6667],
            "transform": [
                [1.0, -0.0, 2e-06, -0.0, -0.0, 0.9661, 0.258173, 0.37472, -2e-06, -0.258173, 0.966098, -0.0, 0.0, 0.0, 0.0, 1.0],
                [1.0, -0.0, 2e-06, -0.0, -0.0, 0.9661, 0.258173, 0.37472, -2e-06, -0.258173, 0.966098, -0.0, 0.0, 0.0, 0.0, 1.0]
            ]
        },
        {
            "name": "Knee_R",
            "time": [0.0, 2.6667],
            "transform": [
                [1.0, 0.0, -0.0, -0.0, -0.0, 1e-06, -1.0, 0.37472, -0.0, 1.0, 1e-06, -0.0, 0.0, 0.0, 0.0, 1.0],
                [1.0, 0.0, -0.0, -0.0, -0.0, 1e-06, -1.0, 0.37472, -0.0, 1.0, 1e-06, -0.0, 0.0, 0.0, 0.0, 1.0]
            ]
        },
        {
            "name": "Thigh_L",
            "time": [0.0, 2.6667],
            "transform": [
                [0.866588, -0.133703, -0.480778, -0.125006, -0.027838, -0.974891, 0.220935, -0.002831, -0.498245, -0.178075, -0.848552, -1.2e-05, 0.0, 0.0, 0.0, 1.0],
                [0.866588, -0.133703, -0.480778, -0.125006, -0.027838, -0.974891, 0.220935, -0.002831, -0.498245, -0.178075, -0.848552, -1.2e-05, 0.0, 0.0, 0.0, 1.0]
            ]
        },
        {
            "name": "Leg_L",
            "time": [0.0, 2.6667],
            "transform": [
                [1.0, -0.0, 1e-06, 0.0, 0.0, 0.984973, 0.172708, 0.37472, -1e-06, -0.172708, 0.984973, 0.0, 0.0, 0.0, 0.0, 1.0],
                [1.0, -0.0, 1e-06, 0.0, 0.0, 0.984973, 0.172708, 0.37472, -1e-06, -0.172708, 0.984973, 0.0, 0.0, 0.0, 0.0, 1.0]
            ]
        },
        {
            "name": "Knee_L",
            "time": [0.0, 2.6667],
            "transform": [
                [1.0, 0.0, -0.0, 0.0, -0.0, 1e-06, -1.0, 0.37472, -0.0, 1.0, 1e-06, 0.0, 0.0, 0.0, 0.0, 1.0],
                [1.0, 0.0, -0.0, 0.0, -0.0, 1e-06, -1.0, 0.37472, -0.0, 1.0, 1e-06, 0.0, 0.0, 0.0, 0.0, 1.0]
            ]
        },
        {
            "name": "Torso",
            "time": [0.0, 2.6667],
            "transform": [
                [0.99978, -0.020971, -0.000197, -0.0, 0.020971, 0.999603, 0.018833, 0.05, -0.000198, -0.018833, 0.999823, 0.0, 0.0, 0.0, 0.0, 1.0],
                [0.99978, -0.020971, -0.000197, -0.0, 0.020971, 0.999603, 0.018833, 0.05, -0.000198, -0.018833, 0.999823, 0.0, 0.0, 0.0, 0.0, 1.0]
            ]
        },
        {
            "name": "Chest",
            "time": [0.0, 1.3333, 2.6667],
            "transform": [
                [0.999054, 0.034115, -0.026986, 0.0, -0.036398, 0.995345, -0.089234, 0.3, 0.023816, 0.090132, 0.995645, 0.0, 0.0, 0.0, 0.0, 1.0],
                [0.990315, -0.138736, 0.00528, 0.0, 0.134875, 0.970382, 0.200415, 0.3, -0.032929, -0.197762, 0.979697, 0.0, 0.0, 0.0, 0.0, 1.0],
                [0.999054, 0.034115, -0.026986, 0.0, -0.036398, 0.995345, -0.089234, 0.3, 0.023816, 0.090132, 0.995645, 0.0, 0.0, 0.0, 0.0, 1.0]
            ]
        },
        {
            "name": "Head",
            "time": [0.0, 1.3333, 2.6667],
            "transform": [
                [0.85311, 0.037721, 0.520365, -0.0, -0.006297, 0.998055, -0.062025, 0.4, -0.521693, 0.049637, 0.851688, -0.0, 0.0, 0.0, 0.0, 1.0],
                [0.85954, -0.080353, 0.504713, 0.0, -0.009304, 0.984939, 0.172652, 0.4, -0.510985, -0.153097, 0.845846, -0.0, 0.0, 0.0, 0.0, 1.0],
                [0.85311, 0.037721, 0.520365, -0.0, -0.006297, 0.998055, -0.062025, 0.4, -0.521693, 0.049637, 0.851688, -0.0, 0.0, 0.0, 0.0, 1.0]
            ]
        },
        {
            "name": "Shoulder_R",
            "time": [0.0, 2.6667],
            "transform": [
                [0.089555, 0.949274, 0.301428, -0.0, -0.003656, -0.302328, 0.953197, 0.4, 0.995975, -0.086466, -0.023605, -0.0, 0.0, 0.0, 0.0, 1.0],
                [0.089555, 0.949274, 0.301428, -0.0, -0.003656, -0.302328, 0.953197, 0.4, 0.995975, -0.086466, -0.023605, -0.0, 0.0, 0.0, 0.0, 1.0]
            ]
        },
        {
            "name": "Arm_R",
            "time": [0.0, 1.3333, 2.6667],
            "transform": [
                [0.021071, 0.013447, -0.999687, 0.0, 0.946416, 0.322036, 0.02428, 0.39386, 0.322262, -0.946632, -0.005941, 0.0, 0.0, 0.0, 0.0, 1.0],
                [0.232208, -0.254381, -0.938813, -0.0, 0.793268, 0.60806, 0.031449, 0.393861, 0.562855, -0.752033, 0.342989, 0.0, 0.0, 0.0, 0.0, 1.0],
                [0.021071, 0.013447, -0.999687, 0.0, 0.946416, 0.322036, 0.02428, 0.39386, 0.322262, -0.946632, -0.005941, 0.0, 0.0, 0.0, 0.0, 1.0]
            ]
        },
        {
            "name": "Hand_R",
            "time": [0.0, 2.6667, 1.3333],
            "transform": [
                [0.999985, 0.001325, 0.005391, -0.0, -0.00125, 0.999903, -0.013885, 0.3, -0.005409, 0.013878, 0.999889, 0.0, 0.0, 0.0, 0.0, 1.0],
                [0.89111, -0.434816, -0.129838, -0.0, 0.438433, 0.898764, -0.000804, 0.3, 0.117044, -0.056209, 0.991535, 0.0, 0.0, 0.0, 0.0, 1.0],
                [0.999985, 0.001325, 0.005391, -0.0, -0.00125, 0.999903, -0.013885, 0.3, -0.005409, 0.013878, 0.999889, 0.0, 0.0, 0.0, 0.0, 1.0]
            ]
        },
        {
            "name": "Tool_R",
            "time": [0.0, 2.6667],
            "transform": [
                [1.0, 0.0, 0.0, 0.0, 0.0, -0.999836, 0.018122, 0.272858, 0.0, -0.018122, -0.999244, -0.0, 0.0, 0.0, 0.0, 1.0],
                [1.0, 0.0, 0.0, 0.0, 0.0, -0.999836, 0.018122, 0.272858, 0.0, -0.018122, -0.999244, -0.0, 0.0, 0.0, 0.0, 1.0]
            ]
        },
        {
            "name": "Elbow_R",
            "time": [0.0, 2.6667],
            "transform": [
                [-1.0, 0.0, -0.0, -0.0, 0.0, -0.0, -1.0, 0.3, -0.0, -1.0, 0.0, 0.0, 0.0, 0.0, 0.0, 1.0],
                [-1.0, 0.0, -0.0, -0.0, 0.0, -0.0, -1.0, 0.3, -0.0, -1.0, 0.0, 0.0, 0.0, 0.0, 0.0, 1.0]
            ]
        },
        {
            "name": "Shoulder_L",
            "time": [0.0, 2.6667],
            "transform": [
                [0.088499, -0.949454, -0.301172, -0.0, -0.003902, -0.302687, 0.953082, 0.4, -0.996069, -0.083172, -0.030493, -0.0, 0.0, 0.0, 0.0, 1.0],
                [0.088499, -0.949454, -0.301172, -0.0, -0.003902, -0.302687, 0.953082, 0.4, -0.996069, -0.083172, -0.030493, -0.0, 0.0, 0.0, 0.0, 1.0]
            ]
        },
        {
            "name": "Arm_L",
            "time": [0.0, 1.3333, 2.6667],
            "transform": [
                [0.159467, 0.003163, 0.987198, -0.0, -0.915361, 0.374973, 0.146661, 0.39386, -0.369709, -0.92703, 0.062691, -0.0, 0.0, 0.0, 0.0, 1.0],
                [0.271294, 0.123563, 0.954532, -0.0, -0.728274, 0.674762, 0.11964, 0.39386, -0.629299, -0.727618, 0.273047, 0.0, 0.0, 0.0, 0.0, 1.0],
                [0.159467, 0.003163, 0.987198, -0.0, -0.915361, 0.374973, 0.146661, 0.39386, -0.369709, -0.92703, 0.062691, -0.0, 0.0, 0.0, 0.0, 1.0]
            ]
        },
        {
            "name": "Hand_L",
            "time": [0.0, 2.6667, 1.3333],
            "transform": [
                [0.99932, -0.036878, 0.000448, -0.0, 0.03687, 0.999235, 0.013035, 0.3, -0.000928, -0.013009, 0.999915, 0.0, 0.0, 0.0, 0.0, 1.0],
                [0.967985, 0.246327, 0.048257, 0.0, -0.238133, 0.961982, -0.133729, 0.3, -0.079363, 0.117956, 0.989843, -0.0, 0.0, 0.0, 0.0, 1.0],
                [0.99932, -0.036878, 0.000448, -0.0, 0.03687, 0.999235, 0.013035, 0.3, -0.000928, -0.013009, 0.999915, 0.0, 0.0, 0.0, 0.0, 1.0]
            ]
        },
        {
            "name": "Tool_L",
            "time": [0.0, 2.6667],
            "transform": [
                [1.0, 0.0, 0.0, 0.0, 0.0, -0.999836, 0.018122, 0.272858, 0.0, -0.018122, -0.999248, 0.0, 0.0, 0.0, 0.0, 1.0],
                [1.0, 0.0, 0.0, 0.0, 0.0, -0.999836, 0.018122, 0.272858, 0.0, -0.018122, -0.999248, 0.0, 0.0, 0.0, 0.0, 1.0]
            ]
        },
        {
            "name": "Elbow_L",
            "time": [0.0, 2.6667],
            "transform": [
                [-1.0, 0.0, -0.0, -0.0, 0.0, -0.0, -1.0, 0.3, -0.0, -1.0, -0.0, 0.0, 0.0, 0.0, 0.0, 1.0],
                [-1.0, 0.0, -0.0, -0.0, 0.0, -0.0, -1.0, 0.3, -0.0, -1.0, -0.0, 0.0, 0.0, 0.0, 0.0, 1.0]
            ]
        }
    ]
}