{
    "animation": [
        {
            "name": "Root",
            "time": [0.0, 0.2, 0.4, 0.6, 0.8],
            "transform": [
                [1.0, 0.0, 0.0, -5e-06, 0.0, 0.0, -1.0, 0.000946, 0.0, 1.0, 0.0, 0.764948, 0.0, 0.0, 0.0, 1.0],
                [1.0, 0.0, 0.0, -5e-06, 0.0, 0.0, -1.0, 0.000946, 0.0, 1.0, 0.0, 0.679639, 0.0, 0.0, 0.0, 1.0],
                [1.0, 0.0, 0.0, -5e-06, 0.0, 0.0, -1.0, 0.000946, 0.0, 1.0, 0.0, 0.764948, 0.0, 0.0, 0.0, 1.0],
                [1.0, 0.0, 0.0, -5e-06, 0.0, 0.0, -1.0, 0.000946, 0.0, 1.0, 0.0, 0.679639, 0.0, 0.0, 0.0, 1.0],
                [1.0, 0.0, 0.0, -5e-06, 0.0, 0.0, -1.0, 0.000946, 0.0, 1.0, 0.0, 0.764948, 0.0, 0.0, 0.0, 1.0]
            ]
        },
        {
            "name": "Thigh_R",
            "time": [0.0, 0.2, 0.4, 0.6, 0.8],
            "transform": [
                [1.0, -0.0, -0.0, 0.124994, 0.0, -0.821325, 0.570459, -0.002831, -0.0, -0.570457, -0.821327, -1.2e-05, 0.0, 0.0, 0.0, 1.0],
                [1.0, -0.0, -0.0, 0.124994, 0.0, -0.773347, 0.633981, -0.002831, -0.0, -0.633979, -0.773349, -1.2e-05, 0.0, 0.0, 0.0, 1.0],
                [1.0, -0.0, -0.0, 0.124994, 0.0, -0.999046, 0.04362, -0.002831, -0.0, -0.043619, -0.999049, -1.2e-05, 0.0, 0.0, 0.0, 1.0],
                [1.0, -0.0, -0.0, 0.124994, 0.0, -0.914725, -0.404072, -0.002831, 0.0, 0.404071, -0.914727, -1.2e-05, 0.0, 0.0, 0.0, 1.0],
                [1.0, -0.0, -0.0, 0.124994, 0.0, -0.821325, 0.570459, -0.002831, -0.0, -0.570457, -0.821327, -1.2e-05, 0.0, 0.0, 0.0, 1.0]
            ]
        },
        {
            "name": "Leg_R",
            "time": [0.0, 0.2, 0.4, 0.6, 0.8],
            "transform": [
                [1.0, 0.0, 1e-06, 0.0, -1e-06, 0.375306, 0.9269, 0.37472, -0.0, -0.926902, 0.375306, 0.0, 0.0, 0.0, 0.0, 1.0],
                [1.0, 0.0, 1e-06, 0.0, -1e-06, 0.773965, 0.633228, 0.37472, -1e-06, -0.633229, 0.773964, 0.0, 0.0, 0.0, 0.0, 1.0],
                [1.0, 0.0, 1e-06, 0.0, -0.0, 0.996195, 0.087156, 0.37472, -1e-06, -0.087156, 0.996194, 0.0, 0.0, 0.0, 0.0, 1.0],
                [1.0, 0.0, 1e-06, 0.0, -0.0, 0.996195, 0.087156, 0.37472, -1e-06, -0.087156, 0.996194, 0.0, 0.0, 0.0, 0.0, 1.0],
                [1.0, 0.0, 1e-06, 0.0, -1e-06, 0.375306, 0.9269, 0.37472, -0.0, -0.926902, 0.375306, 0.0, 0.0, 0.0, 0.0, 1.0]
            ]
        },
        {
            "name": "Knee_R",
            "time": [0.0, 0.2, 0.4, 0.6, 0.8],
            "transform": [
                [1.0, 0.0, -0.0, 0.0, -0.0, 1e-06, -1.0, 0.439324, -0.0, 1.0, 1e-06, -0.000954, 0.0, 0.0, 0.0, 1.0],
                [1.0, 0.0, -0.0, 0.0, -0.0, 1e-06, -1.0, 0.40073, -0.0, 1.0, 1e-06, -0.003832, 0.0, 0.0, 0.0, 1.0],
                [1.0, 0.0, -0.0, 0.0, -0.0, 1e-06, -1.0, 0.37472, -0.0, 1.0, 1e-06, 0.0, 0.0, 0.0, 0.0, 1.0],
                [1.0, 0.0, -0.0, 0.0, -0.0, 1e-06, -1.0, 0.37472, -0.0, 1.0, 1e-06, 0.0, 0.0, 0.0, 0.0, 1.0],
                [1.0, 0.0, -0.0, 0.0, -0.0, 1e-06, -1.0, 0.439324, -0.0, 1.0, 1e-06, -0.000954, 0.0, 0.0, 0.0, 1.0]
            ]
        },
        {
            "name": "Thigh_L",
            "time": [0.0, 0.2, 0.4, 0.6, 0.8],
            "transform": [
                [0.999999, -0.0, -0.0, -0.125006, 0.0, -0.999048, 0.04362, -0.002831, -0.0, -0.04362, -0.999048, -1.2e-05, 0.0, 0.0, 0.0, 1.0],
                [0.999999, -0.0, -0.0, -0.125006, 0.0, -0.916029, -0.401111, -0.002831, 0.0, 0.401112, -0.916029, -1.2e-05, 0.0, 0.0, 0.0, 1.0],
                [0.999999, -0.0, -0.0, -0.125006, 0.0, -0.923879, 0.382684, -0.002831, -0.0, -0.382684, -0.923879, -1.2e-05, 0.0, 0.0, 0.0, 1.0],
                [0.999999, -0.0, -0.0, -0.125006, 0.0, -0.769842, 0.638235, -0.002831, -0.0, -0.638235, -0.769842, -1.2e-05, 0.0, 0.0, 0.0, 1.0],
                [0.999999, -0.0, -0.0, -0.125006, 0.0, -0.999048, 0.04362, -0.002831, -0.0, -0.04362, -0.999048, -1.2e-05, 0.0, 0.0, 0.0, 1.0]
            ]
        },
        {
            "name": "Leg_L",
            "time": [0.0, 0.2, 0.4, 0.6, 0.8],
            "transform": [
                [1.0, 0.0, 1e-06, 0.0, -0.0, 0.996194, 0.087156, 0.37472, -1e-06, -0.087156, 0.996195, 0.0, 0.0, 0.0, 0.0, 1.0],
                [1.0, 0.0, 1e-06, 0.0, -0.0, 0.996194, 0.087156, 0.37472, -1e-06, -0.087156, 0.996195, -0.0, 0.0, 0.0, 0.0, 1.0],
                [1.0, -0.0, 1e-06, -0.0, -1e-06, 0.573576, 0.819152, 0.37472, -0.0, -0.819152, 0.573577, -0.0, 0.0, 0.0, 0.0, 1.0],
                [1.0, 0.0, 1e-06, -0.0, -1e-06, 0.769068, 0.639167, 0.37472, -1e-06, -0.639166, 0.769069, 0.0, 0.0, 0.0, 0.0, 1.0],
                [1.0, 0.0, 1e-06, 0.0, -0.0, 0.996194, 0.087156, 0.37472, -1e-06, -0.087156, 0.996195, 0.0, 0.0, 0.0, 0.0, 1.0]
            ]
        },
        {
            "name": "Knee_L",
            "time": [0.0, 0.2, 0.4, 0.6, 0.8],
            "transform": [
                [1.0, 0.0, -0.0, 0.0, -0.0, 1e-06, -1.0, 0.37472, -0.0, 1.0, 1e-06, 0.0, 0.0, 0.0, 0.0, 1.0],
                [1.0, 0.0, -0.0, 0.0, -0.0, 1e-06, -1.0, 0.37472, -0.0, 1.0, 1e-06, -0.0, 0.0, 0.0, 0.0, 1.0],
                [1.0, 0.0, -0.0, -0.0, -0.0, 1e-06, -1.0, 0.417962, -0.0, 1.0, 1e-06, -0.001644, 0.0, 0.0, 0.0, 1.0],
                [1.0, 0.0, -0.0, -0.0, -0.0, 1e-06, -1.0, 0.403148, -0.0, 1.0, 1e-06, -0.003028, 0.0, 0.0, 0.0, 1.0],
                [1.0, 0.0, -0.0, 0.0, -0.0, 1e-06, -1.0, 0.37472, -0.0, 1.0, 1e-06, 0.0, 0.0, 0.0, 0.0, 1.0]
            ]
        },
        {
            "name": "Torso",
            "time": [0.0, 0.2, 0.4, 0.6, 0.8],
            "transform": [
                [1.0, 0.0, 0.0, 0.0, 0.0, 1.0, 0.0, 0.05, 0.0, 0.0, 1.0, 0.0, 0.0, 0.0, 0.0, 1.0],
                [1.0, 0.0, 0.0, 0.0, 0.0, 0.997792, 0.066419, 0.05, 0.0, -0.066419, 0.997792, 0.0, 0.0, 0.0, 0.0, 1.0],
                [1.0, 0.0, 0.0, 0.0, 0.0, 1.0, 0.0, 0.05, 0.0, 0.0, 1.0, 0.0, 0.0, 0.0, 0.0, 1.0],
                [1.0, 0.0, 0.0, 0.0, 0.0, 0.997792, 0.066419, 0.05, 0.0, -0.066419, 0.997792, 0.0, 0.0, 0.0, 0.0, 1.0],
                [1.0, 0.0, 0.0, 0.0, 0.0, 1.0, 0.0, 0.05, 0.0, 0.0, 1.0, 0.0, 0.0, 0.0, 0.0, 1.0]
            ]
        },
        {
            "name": "Chest",
            "time": [0.0, 0.2, 0.4, 0.6, 0.8],
            "transform": [
                [0.994586, -0.048772, 0.091758, 0.0, -0.003961, 0.864578, 0.502484, 0.3, -0.103839, -0.500127, 0.859704, 0.0, 0.0, 0.0, 0.0, 1.0],
                [0.993605, -0.057475, 0.097194, 0.0, -0.00626, 0.8314, 0.55564, 0.3, -0.112743, -0.552695, 0.825723, 0.0, 0.0, 0.0, 0.0, 1.0],
                [0.994586, -0.048772, 0.091758, 0.0, -0.003961, 0.864578, 0.502484, 0.3, -0.103839, -0.500127, 0.859704, 0.0, 0.0, 0.0, 0.0, 1.0],
                [0.993605, -0.057475, 0.097194, 0.0, -0.00626, 0.8314, 0.55564, 0.3, -0.112743, -0.552695, 0.825723, 0.0, 0.0, 0.0, 0.0, 1.0],
                [0.994586, -0.048772, 0.091758, 0.0, -0.003961, 0.864578, 0.502484, 0.3, -0.103839, -0.500127, 0.859704, 0.0, 0.0, 0.0, 0.0, 1.0]
            ]
        },
        {
            "name": "Head",
            "time": [0.0, 0.2, 0.4, 0.6, 0.8],
            "transform": [
                [1.0, 0.0, -0.0, 0.0, 0.0, 1.0, -0.0, 0.4, -0.0, -0.0, 1.0, 0.0, 0.0, 0.0, 0.0, 1.0],
                [0.999879, 0.003357, -0.015164, 0.0, -0.00427, 0.998155, -0.060571, 0.4, 0.014932, 0.060628, 0.998049, 0.0, 0.0, 0.0, 0.0, 1.0],
                [1.0, 0.0, -0.0, 0.0, 0.0, 0.999699, -0.024548, 0.4, -0.0, 0.024548, 0.999699, 0.0, 0.0, 0.0, 0.0, 1.0],
                [0.999879, 0.003357, -0.015164, 0.0, -0.00427, 0.998155, -0.060571, 0.4, 0.014932, 0.060628, 0.998049, 0.0, 0.0, 0.0, 0.0, 1.0],
                [1.0, 0.0, -0.0, 0.0, 0.0, 1.0, -0.0, 0.4, -0.0, -0.0, 1.0, 0.0, 0.0, 0.0, 0.0, 1.0]
            ]
        },
        {
            "name": "Shoulder_R",
            "time": [0.0, 0.2, 0.4, 0.6, 0.8],
            "transform": [
                [-0.009591, 0.956185, 0.292606, 0.0, -0.011136, -0.292704, 0.956138, 0.4, 0.999892, 0.005912, 0.013456, 0.0, 0.0, 0.0, 0.0, 1.0],
                [-0.009591, 0.956185, 0.292606, 0.0, 0.100066, -0.290233, 0.95171, 0.4, 0.994934, 0.038407, -0.092897, 0.0, 0.0, 0.0, 0.0, 1.0],
                [-0.009591, 0.956185, 0.292606, 0.0, -0.011136, -0.292704, 0.956138, 0.4, 0.999892, 0.005912, 0.013456, 0.0, 0.0, 0.0, 0.0, 1.0],
                [-0.009591, 0.956185, 0.292606, 0.0, 0.100066, -0.290233, 0.95171, 0.4, 0.994934, 0.038407, -0.092897, 0.0, 0.0, 0.0, 0.0, 1.0],
                [-0.009591, 0.956185, 0.292606, 0.0, -0.011136, -0.292704, 0.956138, 0.4, 0.999892, 0.005912, 0.013456, 0.0, 0.0, 0.0, 0.0, 1.0]
            ]
        },
        {
            "name": "Arm_R",
            "time": [0.0, 0.2, 0.4, 0.6, 0.8],
            "transform": [
                [-0.251179, -0.386613, -0.887378, 0.0, 0.898075, 0.248897, -0.362647, 0.39386, 0.361069, -0.88802, 0.28469, 0.0, 0.0, 0.0, 0.0, 1.0],
                [-0.251179, -0.386613, -0.887378, 0.0, 0.898075, 0.248897, -0.362646, 0.39386, 0.361069, -0.888021, 0.28469, 0.0, 0.0, 0.0, 0.0, 1.0],
                [-0.251179, -0.386613, -0.887378, 0.0, 0.898075, 0.248897, -0.362647, 0.39386, 0.361069, -0.88802, 0.28469, 0.0, 0.0, 0.0, 0.0, 1.0],
                [-0.251179, -0.386613, -0.887378, 0.0, 0.898075, 0.248897, -0.362646, 0.39386, 0.361069, -0.888021, 0.28469, 0.0, 0.0, 0.0, 0.0, 1.0],
                [-0.251179, -0.386613, -0.887378, 0.0, 0.898075, 0.248897, -0.362647, 0.39386, 0.361069, -0.88802, 0.28469, 0.0, 0.0, 0.0, 0.0, 1.0]
            ]
        },
        {
            "name": "Hand_R",
            "time": [0.0, 0.2, 0.4, 0.6, 0.8],
            "transform": [
                [0.999972, 0.007405, 0.000715, 0.0, -0.002699, 0.450644, -0.8927, 0.3, -0.006932, 0.892673, 0.450652, 0.0, 0.0, 0.0, 0.0, 1.0],
                [0.999972, 0.007405, 0.000715, -0.0, -0.002699, 0.450644, -0.8927, 0.3, -0.006932, 0.892673, 0.450652, 0.0, 0.0, 0.0, 0.0, 1.0],
                [0.999972, 0.007405, 0.000715, 0.0, -0.002699, 0.450644, -0.8927, 0.3, -0.006932, 0.892673, 0.450652, 0.0, 0.0, 0.0, 0.0, 1.0],
                [0.999972, 0.007405, 0.000715, -0.0, -0.002699, 0.450645, -0.8927, 0.3, -0.006932, 0.892673, 0.450652, 0.0, 0.0, 0.0, 0.0, 1.0],
                [0.999972, 0.007405, 0.000715, 0.0, -0.002699, 0.450644, -0.8927, 0.3, -0.006932, 0.892673, 0.450652, 0.0, 0.0, 0.0, 0.0, 1.0]
            ]
        },
        {
            "name": "Tool_R",
            "time": [0.0, 0.2, 0.4, 0.6, 0.8],
            "transform": [
                [1.0, 0.0, 0.0, 0.0, 0.0, -0.999836, 0.018122, 0.272858, 0.0, -0.018122, -0.999244, 0.0, 0.0, 0.0, 0.0, 1.0],
                [1.0, 0.0, 0.0, 0.0, 0.0, -0.999836, 0.018122, 0.272858, 0.0, -0.018122, -0.999244, 0.0, 0.0, 0.0, 0.0, 1.0],
                [1.0, 0.0, 0.0, 0.0, 0.0, -0.999836, 0.018122, 0.272858, 0.0, -0.018122, -0.999244, 0.0, 0.0, 0.0, 0.0, 1.0],
                [1.0, 0.0, 0.0, 0.0, 0.0, -0.999836, 0.018122, 0.272858, 0.0, -0.018122, -0.999244, -0.0, 0.0, 0.0, 0.0, 1.0],
                [1.0, 0.0, 0.0, 0.0, 0.0, -0.999836, 0.018122, 0.272858, 0.0, -0.018122, -0.999244, 0.0, 0.0, 0.0, 0.0, 1.0]
            ]
        },
        {
            "name": "Elbow_R",
            "time": [0.0, 0.2, 0.4, 0.6, 0.8],
            "transform": [
                [-1.0, 0.0, -0.0, 0.0, 0.0, -0.0, -1.0, 0.411543, -0.0, -1.0, 0.0, 0.0, 0.0, 0.0, 0.0, 1.0],
                [-1.0, 0.0, -0.0, -0.0, 0.0, 0.0, -1.0, 0.411543, -0.0, -1.0, 0.0, -0.0, 0.0, 0.0, 0.0, 1.0],
                [-1.0, 0.0, -0.0, 0.0, 0.0, -0.0, -1.0, 0.411543, -0.0, -1.0, 0.0, 0.0, 0.0, 0.0, 0.0, 1.0],
                [-1.0, 0.0, -0.0, -0.0, 0.0, -0.0, -1.0, 0.411543, -0.0, -1.0, 0.0, -0.0, 0.0, 0.0, 0.0, 1.0],
                [-1.0, 0.0, -0.0, 0.0, 0.0, -0.0, -1.0, 0.411543, -0.0, -1.0, 0.0, 0.0, 0.0, 0.0, 0.0, 1.0]
            ]
        },
        {
            "name": "Shoulder_L",
            "time": [0.0, 0.2, 0.4, 0.6, 0.8],
            "transform": [
                [0.578395, -0.785794, -0.219059, 0.0, -0.034343, -0.291753, 0.955877, 0.4, -0.815033, -0.545351, -0.195735, 0.0, 0.0, 0.0, 0.0, 1.0],
                [0.578395, -0.785794, -0.219059, 0.0, -0.124717, -0.350558, 0.9282, 0.4, -0.806166, -0.509546, -0.300763, 0.0, 0.0, 0.0, 0.0, 1.0],
                [0.578395, -0.785794, -0.219059, 0.0, -0.034343, -0.291753, 0.955877, 0.4, -0.815033, -0.545351, -0.195735, 0.0, 0.0, 0.0, 0.0, 1.0],
                [0.578395, -0.785794, -0.219059, 0.0, -0.124717, -0.350558, 0.9282, 0.4, -0.806166, -0.509546, -0.300763, 0.0, 0.0, 0.0, 0.0, 1.0],
                [0.578395, -0.785794, -0.219059, 0.0, -0.034343, -0.291753, 0.955877, 0.4, -0.815033, -0.545351, -0.195735, 0.0, 0.0, 0.0, 0.0, 1.0]
            ]
        },
        {
            "name": "Arm_L",
            "time": [0.0, 0.2, 0.4, 0.6, 0.8],
            "transform": [
                [-0.701579, 0.554911, 0.447058, 0.0, -0.68808, -0.364412, -0.627494, 0.39386, -0.18529, -0.747849, 0.637487, 0.0, 0.0, 0.0, 0.0, 1.0],
                [-0.701579, 0.554911, 0.447058, -0.0, -0.688081, -0.364412, -0.627494, 0.39386, -0.18529, -0.747849, 0.637487, 0.0, 0.0, 0.0, 0.0, 1.0],
                [-0.701579, 0.554911, 0.447058, 0.0, -0.68808, -0.364412, -0.627494, 0.39386, -0.18529, -0.747849, 0.637487, 0.0, 0.0, 0.0, 0.0, 1.0],
                [-0.701579, 0.554911, 0.447058, -0.0, -0.688081, -0.364412, -0.627494, 0.39386, -0.18529, -0.747849, 0.637487, 0.0, 0.0, 0.0, 0.0, 1.0],
                [-0.701579, 0.554911, 0.447058, 0.0, -0.68808, -0.364412, -0.627494, 0.39386, -0.18529, -0.747849, 0.637487, 0.0, 0.0, 0.0, 0.0, 1.0]
            ]
        },
        {
            "name": "Hand_L",
            "time": [0.0, 0.2, 0.4, 0.6, 0.8],
            "transform": [
                [0.999304, -0.033754, 0.015865, -0.0, 0.037296, 0.906383, -0.420808, 0.3, -0.000176, 0.421106, 0.907012, -0.0, 0.0, 0.0, 0.0, 1.0],
                [0.999304, -0.033754, 0.015865, 0.0, 0.037296, 0.906383, -0.420808, 0.3, -0.000176, 0.421106, 0.907011, 0.0, 0.0, 0.0, 0.0, 1.0],
                [0.999304, -0.033754, 0.015865, -0.0, 0.037296, 0.906383, -0.420808, 0.3, -0.000176, 0.421106, 0.907012, -0.0, 0.0, 0.0, 0.0, 1.0],
                [0.999304, -0.033754, 0.015865, 0.0, 0.037296, 0.906383, -0.420808, 0.3, -0.000176, 0.421106, 0.907011, -0.0, 0.0, 0.0, 0.0, 1.0],
                [0.999304, -0.033754, 0.015865, -0.0, 0.037296, 0.906383, -0.420808, 0.3, -0.000176, 0.421106, 0.907012, -0.0, 0.0, 0.0, 0.0, 1.0]
            ]
        },
        {
            "name": "Tool_L",
            "time": [0.0, 0.2, 0.4, 0.6, 0.8],
            "transform": [
                [1.0, 0.0, 0.0, 0.0, 0.0, -0.999836, 0.018122, 0.272858, 0.0, -0.018122, -0.999247, 0.0, 0.0, 0.0, 0.0, 1.0],
                [1.0, 0.0, 0.0, 0.0, 0.0, -0.999836, 0.018122, 0.272858, 0.0, -0.018122, -0.999247, -0.0, 0.0, 0.0, 0.0, 1.0],
                [1.0, 0.0, 0.0, 0.0, 0.0, -0.999836, 0.018122, 0.272858, 0.0, -0.018122, -0.999247, 0.0, 0.0, 0.0, 0.0, 1.0],
                [1.0, 0.0, 0.0, -0.0, 0.0, -0.999836, 0.018122, 0.272858, 0.0, -0.018122, -0.999248, -0.0, 0.0, 0.0, 0.0, 1.0],
                [1.0, 0.0, 0.0, 0.0, 0.0, -0.999836, 0.018122, 0.272858, 0.0, -0.018122, -0.999247, 0.0, 0.0, 0.0, 0.0, 1.0]
            ]
        },
        {
            "name": "Elbow_L",
            "time": [0.0, 0.2, 0.4, 0.6, 0.8],
            "transform": [
                [-1.0, 0.0, -0.0, -0.001499, 0.0, -0.0, -1.0, 0.343808, -0.0, -1.0, 0.0, 0.003656, 0.0, 0.0, 0.0, 1.0],
                [-1.0, 0.0, -0.0, -0.001498, -0.0, -0.0, -1.0, 0.343808, -0.0, -1.0, -0.0, 0.003656, 0.0, 0.0, 0.0, 1.0],
                [-1.0, 0.0, -0.0, -0.001499, 0.0, -0.0, -1.0, 0.343808, -0.0, -1.0, 0.0, 0.003656, 0.0, 0.0, 0.0, 1.0],
                [-1.0, 0.0, -0.0, -0.001498, -0.0, -0.0, -1.0, 0.343808, -0.0, -1.0, -0.0, 0.003656, 0.0, 0.0, 0.0, 1.0],
                [-1.0, 0.0, -0.0, -0.001499, 0.0, -0.0, -1.0, 0.343808, -0.0, -1.0, 0.0, 0.003656, 0.0, 0.0, 0.0, 1.0]
            ]
        }
    ]
}