{
    "animation": [
        {
            "name": "Root",
            "time": [0.0, 0.2, 0.4, 0.6, 0.8],
            "transform": [
                [0.817735, 0.0, 0.575595, -5e-06, 0.573631, 0.082539, -0.814945, 0.000946, -0.047509, 0.996588, 0.067495, 0.767871, 0.0, 0.0, 0.0, 1.0],
                [0.817735, -0.0, 0.575595, -5e-06, 0.573631, 0.082539, -0.814945, 0.000946, -0.047509, 0.996588, 0.067495, 0.63783, 0.0, 0.0, 0.0, 1.0],
                [0.817735, 0.0, 0.575595, -5e-06, 0.573631, 0.082539, -0.814945, 0.000946, -0.047509, 0.996588, 0.067495, 0.755184, 0.0, 0.0, 0.0, 1.0],
                [0.817735, -0.0, 0.575595, -5e-06, 0.573631, 0.082539, -0.814945, 0.000946, -0.047509, 0.996588, 0.067495, 0.688578, 0.0, 0.0, 0.0, 1.0],
                [0.817735, 0.0, 0.575595, -5e-06, 0.573631, 0.082539, -0.814945, 0.000946, -0.047509, 0.996588, 0.067495, 0.767871, 0.0, 0.0, 0.0, 1.0]
            ]
        },
        {
            "name": "Thigh_R",
            "time": [0.0, 0.2, 0.4, 0.6, 0.8],
            "transform": [
                [0.819752, 0.06025, 0.56954, 0.142899, 0.001775, -0.994711, 0.102674, -0.002831, 0.572715, -0.083156, -0.815526, 0.012591, 0.0, 0.0, 0.0, 1.0],
                [0.819233, -0.291725, 0.493713, 0.148677, -0.003333, -0.863343, -0.504604, -0.002831, 0.57345, 0.411743, -0.708253, 0.016659, 0.0, 0.0, 0.0, 1.0],
                [0.818347, 0.180375, 0.545685, 0.148677, -0.00436, -0.947495, 0.319734, -0.002831, 0.574707, -0.264032, -0.774596, 0.016659, 0.0, 0.0, 0.0, 1.0],
                [0.819008, 0.384143, 0.426215, 0.143032, -0.000983, -0.741874, 0.670537, -0.002831, 0.573781, -0.549593, -0.607225, 0.012685, 0.0, 0.0, 0.0, 1.0],
                [0.819752, 0.06025, 0.56954, 0.142899, 0.001775, -0.994711, 0.102674, -0.002831, 0.572715, -0.083156, -0.815526, 0.012591, 0.0, 0.0, 0.0, 1.0]
            ]
        },
        {
            "name": "Leg_R",
            "time": [0.0, 0.2, 0.4, 0.6, 0.8],
            "transform": [
                [1.0, 0.0, 1e-06, -0.0, -0.0, 0.999956, 0.009411, 0.37472, -1e-06, -0.009411, 0.999955, -0.0, 0.0, 0.0, 0.0, 1.0],
                [1.0, 0.0, 1e-06, -0.0, -0.0, 0.999949, 0.010149, 0.37472, -1e-06, -0.010149, 0.999948, 0.0, 0.0, 0.0, 0.0, 1.0],
                [1.0, -1e-06, 1e-06, 0.0, -0.0, 0.454719, 0.890635, 0.37472, -1e-06, -0.890636, 0.454718, -0.0, 0.0, 0.0, 0.0, 1.0],
                [1.0, -0.0, 1e-06, -0.0, -1e-06, 0.784092, 0.620645, 0.37472, -1e-06, -0.620646, 0.784091, -0.0, 0.0, 0.0, 0.0, 1.0],
                [1.0, 0.0, 1e-06, -0.0, -0.0, 0.999956, 0.009411, 0.37472, -1e-06, -0.009411, 0.999955, -0.0, 0.0, 0.0, 0.0, 1.0]
            ]
        },
        {
            "name": "Knee_R",
            "time": [0.0, 0.2, 0.4, 0.6, 0.8],
            "transform": [
                [1.0, 0.0, -0.0, -0.0, -0.0, 1e-06, -1.0, 0.37472, -0.0, 1.0, 1e-06, -0.0, 0.0, 0.0, 0.0, 1.0],
                [1.0, 0.0, -0.0, -0.0, -0.0, 1e-06, -1.0, 0.37472, -0.0, 1.0, 1e-06, 0.0, 0.0, 0.0, 0.0, 1.0],
                [1.0, 0.0, -0.0, -0.001548, -0.0, 1e-06, -1.0, 0.425123, -0.0, 1.0, 1e-06, 0.002332, 0.0, 0.0, 0.0, 1.0],
                [1.0, 0.0, -0.0, -0.000686, -0.0, 1e-06, -1.0, 0.39908, -0.0, 1.0, 1e-06, -0.000802, 0.0, 0.0, 0.0, 1.0],
                [1.0, 0.0, -0.0, -0.0, -0.0, 1e-06, -1.0, 0.37472, -0.0, 1.0, 1e-06, -0.0, 0.0, 0.0, 0.0, 1.0]
            ]
        },
        {
            "name": "Thigh_L",
            "time": [0.0, 0.2, 0.4, 0.6, 0.8],
            "transform": [
                [0.816485, 0.318617, 0.481492, -0.153142, -0.007158, -0.828295, 0.560246, -0.002831, 0.577322, -0.460879, -0.67401, -0.019817, 0.0, 0.0, 0.0, 1.0],
                [0.816024, 0.451497, 0.360907, -0.144249, -0.004175, -0.619768, 0.784774, -0.002831, 0.578001, -0.641902, -0.503861, -0.013557, 0.0, 0.0, 0.0, 1.0],
                [0.81725, -0.003489, 0.576272, -0.145729, 0.001257, -0.999968, -0.007836, -0.002831, 0.576281, 0.007129, -0.81722, -0.014599, 0.0, 0.0, 0.0, 1.0],
                [0.819936, -0.145052, 0.553773, -0.150602, -0.00676, -0.969751, -0.244002, -0.002831, 0.572415, 0.196323, -0.796114, -0.018029, 0.0, 0.0, 0.0, 1.0],
                [0.816485, 0.318617, 0.481492, -0.153142, -0.007158, -0.828295, 0.560246, -0.002831, 0.577322, -0.460879, -0.67401, -0.019817, 0.0, 0.0, 0.0, 1.0]
            ]
        },
        {
            "name": "Leg_L",
            "time": [0.0, 0.2, 0.4, 0.6, 0.8],
            "transform": [
                [1.0, -1e-06, 0.0, -0.0, -0.0, 0.210869, 0.977515, 0.37472, -1e-06, -0.977514, 0.210869, 0.0, 0.0, 0.0, 0.0, 1.0],
                [1.0, -0.0, 1e-06, 0.0, -0.0, 0.663053, 0.748573, 0.37472, -1e-06, -0.748572, 0.663053, -0.0, 0.0, 0.0, 0.0, 1.0],
                [1.0, 0.0, 1e-06, 0.0, -0.0, 0.999953, 0.009704, 0.37472, -1e-06, -0.009704, 0.999953, 0.0, 0.0, 0.0, 0.0, 1.0],
                [1.0, 0.0, 1e-06, 0.0, -0.0, 0.930198, 0.367058, 0.37472, -1e-06, -0.367058, 0.930198, 0.0, 0.0, 0.0, 0.0, 1.0],
                [1.0, -1e-06, 0.0, -0.0, -0.0, 0.210869, 0.977515, 0.37472, -1e-06, -0.977514, 0.210869, 0.0, 0.0, 0.0, 0.0, 1.0]
            ]
        },
        {
            "name": "Knee_L",
            "time": [0.0, 0.2, 0.4, 0.6, 0.8],
            "transform": [
                [1.0, 0.0, -0.0, 0.002117, -0.0, 1e-06, -1.0, 0.455153, -0.0, 1.0, 1e-06, 0.004167, 0.0, 0.0, 0.0, 1.0],
                [1.0, 0.0, -0.0, 0.000905, -0.0, 1e-06, -1.0, 0.41263, -0.0, 1.0, 1e-06, -0.003815, 0.0, 0.0, 0.0, 1.0],
                [1.0, 0.0, -0.0, 0.0, -0.0, 1e-06, -1.0, 0.37472, -0.0, 1.0, 1e-06, 0.0, 0.0, 0.0, 0.0, 1.0],
                [1.0, 0.0, -0.0, 0.0, -0.0, 1e-06, -1.0, 0.37472, -0.0, 1.0, 1e-06, 0.0, 0.0, 0.0, 0.0, 1.0],
                [1.0, 0.0, -0.0, 0.00205, -0.0, 1e-06, -1.0, 0.453591, -0.0, 1.0, 1e-06, 0.005044, 0.0, 0.0, 0.0, 1.0]
            ]
        },
        {
            "name": "Torso",
            "time": [0.0, 0.2, 0.4, 0.6, 0.8],
            "transform": [
                [0.999222, -0.039435, -0.000303, -0.0, 0.039431, 0.999195, -0.007414, 0.05, 0.000595, 0.007397, 0.999972, 0.0, 0.0, 0.0, 0.0, 1.0],
                [0.999928, -0.012036, 2.8e-05, -0.0, 0.012029, 0.999431, 0.03153, 0.05, -0.000407, -0.031527, 0.999503, 0.0, 0.0, 0.0, 0.0, 1.0],
                [0.999222, -0.039435, -0.000303, -0.0, 0.039431, 0.999195, -0.007414, 0.05, 0.000595, 0.007397, 0.999972, 0.0, 0.0, 0.0, 0.0, 1.0],
                [0.999928, -0.012036, 2.8e-05, -0.0, 0.012029, 0.999431, 0.03153, 0.05, -0.000407, -0.031527, 0.999503, -0.0, 0.0, 0.0, 0.0, 1.0],
                [0.999222, -0.039435, -0.000303, -0.0, 0.039431, 0.999195, -0.007414, 0.05, 0.000595, 0.007397, 0.999972, 0.0, 0.0, 0.0, 0.0, 1.0]
            ]
        },
        {
            "name": "Chest",
            "time": [0.0, 0.2, 0.4, 0.6, 0.8],
            "transform": [
                [0.783276, 0.26023, 0.564588, 0.0, -0.471763, 0.840263, 0.267203, 0.3, -0.404868, -0.475645, 0.780925, -0.0, 0.0, 0.0, 0.0, 1.0],
                [0.695407, 0.324979, 0.640935, -0.0, -0.63798, 0.689693, 0.342499, 0.3, -0.330743, -0.64708, 0.686947, -0.0, 0.0, 0.0, 0.0, 1.0],
                [0.783276, 0.26023, 0.564588, 0.0, -0.471763, 0.840263, 0.267203, 0.3, -0.404868, -0.475645, 0.780925, -0.0, 0.0, 0.0, 0.0, 1.0],
                [0.695407, 0.324979, 0.640935, -0.0, -0.63798, 0.689693, 0.342499, 0.3, -0.330743, -0.64708, 0.686947, -0.0, 0.0, 0.0, 0.0, 1.0],
                [0.783276, 0.26023, 0.564588, 0.0, -0.471763, 0.840263, 0.267203, 0.3, -0.404868, -0.475645, 0.780925, -0.0, 0.0, 0.0, 0.0, 1.0]
            ]
        },
        {
            "name": "Head",
            "time": [0.0, 0.2, 0.4, 0.6, 0.8],
            "transform": [
                [0.583298, 0.193203, -0.788946, 0.0, -0.170078, 0.97882, 0.113956, 0.4, 0.794252, 0.067712, 0.603803, -0.0, 0.0, 0.0, 0.0, 1.0],
                [0.30741, -0.285468, -0.907749, -0.0, 0.007861, 0.95467, -0.297562, 0.4, 0.951545, 0.084337, 0.295719, -0.0, 0.0, 0.0, 0.0, 1.0],
                [0.583298, 0.193203, -0.788946, 0.0, -0.170078, 0.97882, 0.113956, 0.4, 0.794252, 0.067712, 0.603803, -0.0, 0.0, 0.0, 0.0, 1.0],
                [0.30741, -0.285468, -0.907749, -0.0, 0.007861, 0.95467, -0.297562, 0.4, 0.951545, 0.084337, 0.295719, -0.0, 0.0, 0.0, 0.0, 1.0],
                [0.583298, 0.193203, -0.788946, 0.0, -0.170078, 0.97882, 0.113956, 0.4, 0.794252, 0.067712, 0.603803, -0.0, 0.0, 0.0, 0.0, 1.0]
            ]
        },
        {
            "name": "Shoulder_R",
            "time": [0.0, 0.2, 0.4, 0.6, 0.8],
            "transform": [
                [0.576903, 0.807925, 0.120161, 0.0, 0.235328, -0.305272, 0.922729, 0.4, 0.782178, -0.504048, -0.366241, -0.0, 0.0, 0.0, 0.0, 1.0],
                [0.576903, 0.807926, 0.120161, -0.0, 0.235328, -0.305272, 0.922729, 0.4, 0.782178, -0.504048, -0.366241, -0.0, 0.0, 0.0, 0.0, 1.0],
                [0.576903, 0.807925, 0.120161, 0.0, 0.235328, -0.305272, 0.922729, 0.4, 0.782178, -0.504048, -0.36624, -0.0, 0.0, 0.0, 0.0, 1.0],
                [0.576903, 0.807926, 0.120161, -0.0, 0.235328, -0.305272, 0.922729, 0.4, 0.782178, -0.504048, -0.366241, -0.0, 0.0, 0.0, 0.0, 1.0],
                [0.576903, 0.807925, 0.120161, 0.0, 0.235328, -0.305272, 0.922729, 0.4, 0.782178, -0.504048, -0.366241, -0.0, 0.0, 0.0, 0.0, 1.0]
            ]
        },
        {
            "name": "Arm_R",
            "time": [0.0, 0.2, 0.4, 0.6, 0.8],
            "transform": [
                [-0.33846, -0.677482, 0.653041, 0.0, -0.654175, -0.329446, -0.680824, 0.39386, 0.676387, -0.657634, -0.331688, -0.0, 0.0, 0.0, 0.0, 1.0],
                [-0.33846, -0.677482, 0.653041, -0.0, -0.654175, -0.329446, -0.680824, 0.393861, 0.676388, -0.657634, -0.331688, -0.0, 0.0, 0.0, 0.0, 1.0],
                [-0.33846, -0.677482, 0.653041, 0.0, -0.654175, -0.329446, -0.680824, 0.393861, 0.676387, -0.657634, -0.331688, -0.0, 0.0, 0.0, 0.0, 1.0],
                [-0.33846, -0.677482, 0.653041, -0.0, -0.654175, -0.329446, -0.680823, 0.393861, 0.676387, -0.657634, -0.331688, 0.0, 0.0, 0.0, 0.0, 1.0],
                [-0.33846, -0.677482, 0.653041, 0.0, -0.654175, -0.329446, -0.680824, 0.39386, 0.676387, -0.657634, -0.331688, -0.0, 0.0, 0.0, 0.0, 1.0]
            ]
        },
        {
            "name": "Hand_R",
            "time": [0.0, 0.2, 0.4, 0.6, 0.8],
            "transform": [
                [1.0, 0.0, 0.0, -0.0, -0.0, 0.993937, 0.109947, 0.3, -0.0, -0.109947, 0.993937, 0.0, 0.0, 0.0, 0.0, 1.0],
                [1.0, 0.0, 0.0, -0.0, -0.0, 0.993938, 0.109947, 0.3, -0.0, -0.109947, 0.993937, 0.0, 0.0, 0.0, 0.0, 1.0],
                [1.0, 0.0, 0.0, -0.0, -0.0, 0.993937, 0.109947, 0.3, -0.0, -0.109947, 0.993937, 0.0, 0.0, 0.0, 0.0, 1.0],
                [1.0, 0.0, 0.0, -0.0, -0.0, 0.993938, 0.109947, 0.3, -0.0, -0.109947, 0.993937, -0.0, 0.0, 0.0, 0.0, 1.0],
                [1.0, 0.0, 0.0, -0.0, -0.0, 0.993937, 0.109947, 0.3, -0.0, -0.109947, 0.993937, 0.0, 0.0, 0.0, 0.0, 1.0]
            ]
        },
        {
            "name": "Tool_R",
            "time": [0.0, 0.2, 0.4, 0.6, 0.8],
            "transform": [
                [0.508194, 0.808834, -0.295849, 0.020272, 0.575711, -0.574525, -0.581789, 0.263336, -0.640158, 0.125258, -0.757182, 0.017287, 0.0, 0.0, 0.0, 1.0],
                [0.508194, 0.808834, -0.295849, 0.020272, 0.575711, -0.574525, -0.581789, 0.263336, -0.640158, 0.125258, -0.757182, 0.017287, 0.0, 0.0, 0.0, 1.0],
                [0.508194, 0.808834, -0.295849, 0.020272, 0.575711, -0.574525, -0.581789, 0.263336, -0.640158, 0.125258, -0.757182, 0.017287, 0.0, 0.0, 0.0, 1.0],
                [0.508194, 0.808834, -0.295849, 0.020272, 0.575711, -0.574525, -0.581789, 0.263336, -0.640158, 0.125258, -0.757182, 0.017287, 0.0, 0.0, 0.0, 1.0],
                [0.508194, 0.808834, -0.295849, 0.020272, 0.575711, -0.574525, -0.581789, 0.263336, -0.640158, 0.125258, -0.757182, 0.017287, 0.0, 0.0, 0.0, 1.0]
            ]
        },
        {
            "name": "Elbow_R",
            "time": [0.0, 0.2, 0.4, 0.6, 0.8],
            "transform": [
                [-1.0, 0.0, -0.0, -0.0, 0.0, -0.0, -1.0, 0.3, -0.0, -1.0, 0.0, 0.0, 0.0, 0.0, 0.0, 1.0],
                [-1.0, 0.0, -0.0, -0.0, 0.0, -0.0, -1.0, 0.3, -0.0, -1.0, 0.0, 0.0, 0.0, 0.0, 0.0, 1.0],
                [-1.0, 0.0, -0.0, -0.0, 0.0, -0.0, -1.0, 0.3, -0.0, -1.0, 0.0, 0.0, 0.0, 0.0, 0.0, 1.0],
                [-1.0, 0.0, -0.0, -0.0, -0.0, -0.0, -1.0, 0.3, -0.0, -1.0, 0.0, -0.0, 0.0, 0.0, 0.0, 1.0],
                [-1.0, 0.0, -0.0, -0.0, 0.0, -0.0, -1.0, 0.3, -0.0, -1.0, 0.0, 0.0, 0.0, 0.0, 0.0, 1.0]
            ]
        },
        {
            "name": "Shoulder_L",
            "time": [0.0, 0.2, 0.4, 0.6, 0.8],
            "transform": [
                [0.36618, -0.889578, -0.273061, 0.0, -0.000381, -0.293586, 0.955932, 0.4, -0.930544, -0.34994, -0.107844, -0.0, 0.0, 0.0, 0.0, 1.0],
                [0.36618, -0.889578, -0.273061, -0.0, -0.000381, -0.293586, 0.955933, 0.4, -0.930544, -0.34994, -0.107844, -0.0, 0.0, 0.0, 0.0, 1.0],
                [0.36618, -0.889578, -0.273061, 0.0, -0.000381, -0.293586, 0.955932, 0.4, -0.930544, -0.34994, -0.107844, -0.0, 0.0, 0.0, 0.0, 1.0],
                [0.36618, -0.889578, -0.273061, -0.0, -0.000381, -0.293586, 0.955933, 0.4, -0.930544, -0.34994, -0.107844, -0.0, 0.0, 0.0, 0.0, 1.0],
                [0.36618, -0.889578, -0.273061, 0.0, -0.000381, -0.293586, 0.955932, 0.4, -0.930544, -0.34994, -0.107844, -0.0, 0.0, 0.0, 0.0, 1.0]
            ]
        },
        {
            "name": "Arm_L",
            "time": [0.0, 0.2, 0.4, 0.6, 0.8],
            "transform": [
                [-0.600386, -0.277462, 0.750035, 0.0, -0.708193, 0.620134, -0.337485, 0.39386, -0.371483, -0.73379, -0.568816, -0.0, 0.0, 0.0, 0.0, 1.0],
                [-0.600386, -0.277462, 0.750035, -0.0, -0.708193, 0.620134, -0.337485, 0.39386, -0.371483, -0.73379, -0.568816, -0.0, 0.0, 0.0, 0.0, 1.0],
                [-0.600386, -0.277462, 0.750035, 0.0, -0.708193, 0.620134, -0.337485, 0.39386, -0.371483, -0.73379, -0.568816, -0.0, 0.0, 0.0, 0.0, 1.0],
                [-0.600386, -0.277462, 0.750035, -0.0, -0.708193, 0.620134, -0.337485, 0.39386, -0.371483, -0.73379, -0.568816, 0.0, 0.0, 0.0, 0.0, 1.0],
                [-0.600386, -0.277462, 0.750035, 0.0, -0.708193, 0.620134, -0.337485, 0.39386, -0.371483, -0.73379, -0.568816, -0.0, 0.0, 0.0, 0.0, 1.0]
            ]
        },
        {
            "name": "Hand_L",
            "time": [0.0, 0.8],
            "transform": [
                [1.0, -0.000125, 0.000568, 0.0, 0.000538, 0.567478, -0.823389, 0.3, -0.00022, 0.823389, 0.567478, -0.0, 0.0, 0.0, 0.0, 1.0],
                [1.0, -0.000125, 0.000568, 0.0, 0.000538, 0.567478, -0.823389, 0.3, -0.00022, 0.823389, 0.567478, -0.0, 0.0, 0.0, 0.0, 1.0]
            ]
        },
        {
            "name": "Tool_L",
            "time": [0.0, 0.2, 0.4, 0.6, 0.8],
            "transform": [
                [0.981422, -0.179776, 0.067015, 0.088092, -0.130152, -0.880461, -0.455904, 0.141162, 0.14088, 0.438445, -0.886986, -0.088018, 0.0, 0.0, 0.0, 1.0],
                [0.981422, -0.179776, 0.067015, 0.088092, -0.130152, -0.880461, -0.455904, 0.141162, 0.14088, 0.438445, -0.886986, -0.088018, 0.0, 0.0, 0.0, 1.0],
                [0.981422, -0.179776, 0.067015, 0.088092, -0.130152, -0.880461, -0.455904, 0.141162, 0.14088, 0.438444, -0.886986, -0.088018, 0.0, 0.0, 0.0, 1.0],
                [0.981422, -0.179776, 0.067015, 0.088092, -0.130152, -0.880461, -0.455904, 0.141162, 0.14088, 0.438444, -0.886985, -0.088018, 0.0, 0.0, 0.0, 1.0],
                [0.981422, -0.179776, 0.067015, 0.088092, -0.130152, -0.880461, -0.455904, 0.141162, 0.14088, 0.438445, -0.886986, -0.088018, 0.0, 0.0, 0.0, 1.0]
            ]
        },
        {
            "name": "Elbow_L",
            "time": [0.0, 0.8],
            "transform": [
                [-1.0, 0.0, -0.0, -0.0, 0.0, -0.0, -1.0, 0.395678, -0.0, -1.0, -0.0, -0.0, 0.0, 0.0, 0.0, 1.0],
                [-1.0, 0.0, -0.0, -0.0, 0.0, -0.0, -1.0, 0.395678, -0.0, -1.0, -0.0, -0.0, 0.0, 0.0, 0.0, 1.0]
            ]
        }
    ]
}