{
    "animation": [
        {
            "name": "Root",
            "time": [0.0, 0.2, 0.4, 0.6, 0.8],
            "transform": [
                [1.0, 0.0, 0.0, -5e-06, 0.0, 0.0, -1.0, 0.000946, 0.0, 1.0, 0.0, 0.764948, 0.0, 0.0, 0.0, 1.0],
                [1.0, 0.0, 0.0, -5e-06, 0.0, 0.0, -1.0, 0.000946, 0.0, 1.0, 0.0, 0.679639, 0.0, 0.0, 0.0, 1.0],
                [1.0, 0.0, 0.0, -5e-06, 0.0, 0.0, -1.0, 0.000946, 0.0, 1.0, 0.0, 0.764948, 0.0, 0.0, 0.0, 1.0],
                [1.0, 0.0, 0.0, -5e-06, 0.0, 0.0, -1.0, 0.000946, 0.0, 1.0, 0.0, 0.679639, 0.0, 0.0, 0.0, 1.0],
                [1.0, 0.0, 0.0, -5e-06, 0.0, 0.0, -1.0, 0.000946, 0.0, 1.0, 0.0, 0.764948, 0.0, 0.0, 0.0, 1.0]
            ]
        },
        {
            "name": "Thigh_R",
            "time": [0.0, 0.2, 0.4, 0.6, 0.8],
            "transform": [
                [1.0, -0.0, -0.0, 0.124994, 0.0, -0.821325, 0.570459, -0.002831, -0.0, -0.570457, -0.821327, -1.2e-05, 0.0, 0.0, 0.0, 1.0],
                [1.0, -0.0, -0.0, 0.124994, 0.0, -0.773347, 0.633981, -0.002831, -0.0, -0.633979, -0.773349, -1.2e-05, 0.0, 0.0, 0.0, 1.0],
                [1.0, -0.0, -0.0, 0.124994, 0.0, -0.999046, 0.04362, -0.002831, -0.0, -0.043619, -0.999049, -1.2e-05, 0.0, 0.0, 0.0, 1.0],
                [1.0, -0.0, -0.0, 0.124994, 0.0, -0.914725, -0.404072, -0.002831, 0.0, 0.404071, -0.914727, -1.2e-05, 0.0, 0.0, 0.0, 1.0],
                [1.0, -0.0, -0.0, 0.124994, 0.0, -0.821325, 0.570459, -0.002831, -0.0, -0.570457, -0.821327, -1.2e-05, 0.0, 0.0, 0.0, 1.0]
            ]
        },
        {
            "name": "Leg_R",
            "time": [0.0, 0.2, 0.4, 0.6, 0.8],
            "transform": [
                [1.0, 0.0, 1e-06, 0.0, -1e-06, 0.375306, 0.9269, 0.37472, -0.0, -0.926902, 0.375306, 0.0, 0.0, 0.0, 0.0, 1.0],
                [1.0, 0.0, 1e-06, 0.0, -1e-06, 0.773965, 0.633228, 0.37472, -1e-06, -0.633229, 0.773964, 0.0, 0.0, 0.0, 0.0, 1.0],
                [1.0, 0.0, 1e-06, 0.0, -0.0, 0.996195, 0.087156, 0.37472, -1e-06, -0.087156, 0.996194, 0.0, 0.0, 0.0, 0.0, 1.0],
                [1.0, 0.0, 1e-06, 0.0, -0.0, 0.996195, 0.087156, 0.37472, -1e-06, -0.087156, 0.996194, 0.0, 0.0, 0.0, 0.0, 1.0],
                [1.0, 0.0, 1e-06, 0.0, -1e-06, 0.375306, 0.9269, 0.37472, -0.0, -0.926902, 0.375306, 0.0, 0.0, 0.0, 0.0, 1.0]
            ]
        },
        {
            "name": "Knee_R",
            "time": [0.0, 0.2, 0.4, 0.6, 0.8],
            "transform": [
                [1.0, 0.0, -0.0, -1e-06, -0.0, 1e-06, -1.0, 0.44193, -0.0, 1.0, 1e-06, 4.4e-05, 0.0, 0.0, 0.0, 1.0],
                [1.0, 0.0, -0.0, -2.7e-05, -0.0, 1e-06, -1.0, 0.403747, -0.0, 1.0, 1e-06, -0.004047, 0.0, 0.0, 0.0, 1.0],
                [1.0, 0.0, -0.0, 0.0, -0.0, 1e-06, -1.0, 0.37472, -0.0, 1.0, 1e-06, 0.0, 0.0, 0.0, 0.0, 1.0],
                [1.0, 0.0, -0.0, 0.0, -0.0, 1e-06, -1.0, 0.37472, -0.0, 1.0, 1e-06, 0.0, 0.0, 0.0, 0.0, 1.0],
                [1.0, 0.0, -0.0, -1e-06, -0.0, 1e-06, -1.0, 0.470995, -0.0, 1.0, 1e-06, 6.5e-05, 0.0, 0.0, 0.0, 1.0]
            ]
        },
        {
            "name": "Thigh_L",
            "time": [0.0, 0.2, 0.4, 0.6, 0.8],
            "transform": [
                [0.999999, -0.0, -0.0, -0.125006, 0.0, -0.999048, 0.04362, -0.002831, -0.0, -0.04362, -0.999048, -1.2e-05, 0.0, 0.0, 0.0, 1.0],
                [0.999999, -0.0, -0.0, -0.125006, 0.0, -0.916029, -0.401111, -0.002831, 0.0, 0.401112, -0.916029, -1.2e-05, 0.0, 0.0, 0.0, 1.0],
                [0.999999, -0.0, -0.0, -0.125006, 0.0, -0.923879, 0.382684, -0.002831, -0.0, -0.382684, -0.923879, -1.2e-05, 0.0, 0.0, 0.0, 1.0],
                [0.999999, -0.0, -0.0, -0.125006, 0.0, -0.769842, 0.638235, -0.002831, -0.0, -0.638235, -0.769842, -1.2e-05, 0.0, 0.0, 0.0, 1.0],
                [0.999999, -0.0, -0.0, -0.125006, 0.0, -0.999048, 0.04362, -0.002831, -0.0, -0.04362, -0.999048, -1.2e-05, 0.0, 0.0, 0.0, 1.0]
            ]
        },
        {
            "name": "Leg_L",
            "time": [0.0, 0.2, 0.4, 0.6, 0.8],
            "transform": [
                [1.0, 0.0, 1e-06, 0.0, -0.0, 0.996194, 0.087156, 0.37472, -1e-06, -0.087156, 0.996195, 0.0, 0.0, 0.0, 0.0, 1.0],
                [1.0, 0.0, 1e-06, 0.0, -0.0, 0.996194, 0.087156, 0.37472, -1e-06, -0.087156, 0.996195, -0.0, 0.0, 0.0, 0.0, 1.0],
                [1.0, -0.0, 1e-06, -0.0, -1e-06, 0.573576, 0.819152, 0.37472, -0.0, -0.819152, 0.573577, -0.0, 0.0, 0.0, 0.0, 1.0],
                [1.0, 0.0, 1e-06, -0.0, -1e-06, 0.769068, 0.639167, 0.37472, -1e-06, -0.639166, 0.769069, 0.0, 0.0, 0.0, 0.0, 1.0],
                [1.0, 0.0, 1e-06, 0.0, -0.0, 0.996194, 0.087156, 0.37472, -1e-06, -0.087156, 0.996195, 0.0, 0.0, 0.0, 0.0, 1.0]
            ]
        },
        {
            "name": "Knee_L",
            "time": [0.0, 0.2, 0.4, 0.6, 0.8],
            "transform": [
                [1.0, 0.0, -0.0, 0.0, -0.0, 1e-06, -1.0, 0.37472, -0.0, 1.0, 1e-06, 0.0, 0.0, 0.0, 0.0, 1.0],
                [1.0, 0.0, -0.0, 0.0, -0.0, 1e-06, -1.0, 0.37472, -0.0, 1.0, 1e-06, -0.0, 0.0, 0.0, 0.0, 1.0],
                [1.0, 0.0, -0.0, 0.0, -0.0, 1e-06, -1.0, 0.424365, -0.0, 1.0, 1e-06, -0.00116, 0.0, 0.0, 0.0, 1.0],
                [1.0, 0.0, -0.0, -0.000263, -0.0, 1e-06, -1.0, 0.402364, -0.0, 1.0, 1e-06, -0.004275, 0.0, 0.0, 0.0, 1.0],
                [1.0, 0.0, -0.0, 0.0, -0.0, 1e-06, -1.0, 0.37472, -0.0, 1.0, 1e-06, 0.0, 0.0, 0.0, 0.0, 1.0]
            ]
        },
        {
            "name": "Torso",
            "time": [0.0, 0.2, 0.4, 0.6, 0.8],
            "transform": [
                [0.99978, -0.020971, -0.000197, 0.0, 0.020971, 0.999603, 0.018833, 0.05, -0.000198, -0.018833, 0.999823, 0.0, 0.0, 0.0, 0.0, 1.0],
                [0.99978, -0.020971, -0.000197, 0.0, 0.020971, 0.999603, 0.018833, 0.05, -0.000198, -0.018833, 0.999823, 0.0, 0.0, 0.0, 0.0, 1.0],
                [0.99978, -0.020971, -0.000197, 0.0, 0.020971, 0.999603, 0.018833, 0.05, -0.000198, -0.018833, 0.999823, 0.0, 0.0, 0.0, 0.0, 1.0],
                [0.99978, -0.020971, -0.000197, 0.0, 0.020971, 0.999603, 0.018833, 0.05, -0.000198, -0.018833, 0.999823, 0.0, 0.0, 0.0, 0.0, 1.0],
                [0.99978, -0.020971, -0.000197, 0.0, 0.020971, 0.999603, 0.018833, 0.05, -0.000198, -0.018833, 0.999823, 0.0, 0.0, 0.0, 0.0, 1.0]
            ]
        },
        {
            "name": "Chest",
            "time": [0.0, 0.2, 0.4, 0.6, 0.8],
            "transform": [
                [0.998233, 0.047875, -0.035199, -0.0, -0.026496, 0.888818, 0.457493, 0.3, 0.053188, -0.455752, 0.888516, 0.0, 0.0, 0.0, 0.0, 1.0],
                [0.998629, 0.038753, -0.035194, -0.0, -0.017056, 0.876471, 0.481153, 0.3, 0.049493, -0.479893, 0.87593, 0.0, 0.0, 0.0, 0.0, 1.0],
                [0.998233, 0.047875, -0.035199, -0.0, -0.026496, 0.888818, 0.457493, 0.3, 0.053188, -0.455752, 0.888516, 0.0, 0.0, 0.0, 0.0, 1.0],
                [0.998629, 0.038753, -0.035194, -0.0, -0.017056, 0.876471, 0.481153, 0.3, 0.049493, -0.479893, 0.87593, 0.0, 0.0, 0.0, 0.0, 1.0],
                [0.998233, 0.047875, -0.035199, -0.0, -0.026496, 0.888818, 0.457493, 0.3, 0.053188, -0.455752, 0.888516, 0.0, 0.0, 0.0, 0.0, 1.0]
            ]
        },
        {
            "name": "Head",
            "time": [0.0, 0.2, 0.4, 0.6, 0.8],
            "transform": [
                [0.999804, 0.019016, -0.005601, -0.0, -0.01929, 0.998368, -0.053757, 0.4, 0.00457, 0.053854, 0.998538, 0.0, 0.0, 0.0, 0.0, 1.0],
                [0.997124, 0.062372, -0.043058, 0.0, -0.040362, 0.917856, 0.394857, 0.4, 0.064149, -0.391984, 0.917733, -0.0, 0.0, 0.0, 0.0, 1.0],
                [0.999804, 0.019016, -0.005601, -0.0, -0.01929, 0.998368, -0.053757, 0.4, 0.00457, 0.053854, 0.998538, 0.0, 0.0, 0.0, 0.0, 1.0],
                [0.997124, 0.062372, -0.043058, 0.0, -0.040362, 0.917856, 0.394857, 0.4, 0.064149, -0.391984, 0.917733, -0.0, 0.0, 0.0, 0.0, 1.0],
                [0.999804, 0.019016, -0.005601, -0.0, -0.01929, 0.998368, -0.053757, 0.4, 0.00457, 0.053854, 0.998538, 0.0, 0.0, 0.0, 0.0, 1.0]
            ]
        },
        {
            "name": "Shoulder_R",
            "time": [0.0, 0.2, 0.4, 0.6, 0.8],
            "transform": [
                [0.421349, 0.896697, 0.135644, -0.0, 0.021706, -0.159497, 0.98696, 0.4, 0.906639, -0.41291, -0.086668, 0.0, 0.0, 0.0, 0.0, 1.0],
                [0.421349, 0.896697, 0.135644, 0.0, 0.021706, -0.159497, 0.98696, 0.4, 0.906639, -0.41291, -0.086668, -0.0, 0.0, 0.0, 0.0, 1.0],
                [0.421349, 0.896697, 0.135644, -0.0, 0.021706, -0.159497, 0.98696, 0.4, 0.906639, -0.41291, -0.086668, 0.0, 0.0, 0.0, 0.0, 1.0],
                [0.421349, 0.896697, 0.135644, 0.0, 0.021706, -0.159497, 0.98696, 0.4, 0.906639, -0.41291, -0.086668, -0.0, 0.0, 0.0, 0.0, 1.0],
                [0.421349, 0.896697, 0.135644, -0.0, 0.021706, -0.159497, 0.98696, 0.4, 0.906639, -0.41291, -0.086668, 0.0, 0.0, 0.0, 0.0, 1.0]
            ]
        },
        {
            "name": "Arm_R",
            "time": [0.0, 0.2, 0.4, 0.6, 0.8],
            "transform": [
                [-0.15077, -0.670992, -0.725974, 0.0, 0.748019, 0.402696, -0.527545, 0.393861, 0.646325, -0.62258, 0.4412, -0.0, 0.0, 0.0, 0.0, 1.0],
                [-0.21663, -0.393074, -0.893624, 0.0, 0.846564, 0.380248, -0.37248, 0.39386, 0.486211, -0.8372, 0.250389, 0.0, 0.0, 0.0, 0.0, 1.0],
                [-0.15077, -0.670992, -0.725974, 0.0, 0.748019, 0.402696, -0.527545, 0.393861, 0.646325, -0.62258, 0.4412, -0.0, 0.0, 0.0, 0.0, 1.0],
                [-0.21663, -0.393074, -0.893624, 0.0, 0.846564, 0.380248, -0.37248, 0.39386, 0.486211, -0.8372, 0.250389, -0.0, 0.0, 0.0, 0.0, 1.0],
                [-0.15077, -0.670992, -0.725974, 0.0, 0.748019, 0.402696, -0.527545, 0.393861, 0.646325, -0.62258, 0.4412, -0.0, 0.0, 0.0, 0.0, 1.0]
            ]
        },
        {
            "name": "Hand_R",
            "time": [0.0, 0.2, 0.4, 0.6, 0.8],
            "transform": [
                [1.0, 0.0, 0.0, -0.0, -0.0, 0.997929, -0.064318, 0.3, -0.0, 0.064318, 0.997929, -0.0, 0.0, 0.0, 0.0, 1.0],
                [1.0, 0.0, -0.0, 0.0, -0.0, 0.997929, -0.064318, 0.3, -0.0, 0.064318, 0.997929, -0.0, 0.0, 0.0, 0.0, 1.0],
                [1.0, 0.0, 0.0, -0.0, -0.0, 0.997929, -0.064318, 0.3, -0.0, 0.064318, 0.997929, -0.0, 0.0, 0.0, 0.0, 1.0],
                [1.0, 0.0, 0.0, 0.0, -0.0, 0.997929, -0.064318, 0.3, -0.0, 0.064318, 0.997929, -0.0, 0.0, 0.0, 0.0, 1.0],
                [1.0, 0.0, 0.0, -0.0, -0.0, 0.997929, -0.064318, 0.3, -0.0, 0.064318, 0.997929, -0.0, 0.0, 0.0, 0.0, 1.0]
            ]
        },
        {
            "name": "Tool_R",
            "time": [0.0, 0.2, 0.4, 0.6, 0.8],
            "transform": [
                [1.0, 0.0, 0.0, 0.0, 0.0, -0.999836, 0.018122, 0.272858, 0.0, -0.018122, -0.999244, -0.0, 0.0, 0.0, 0.0, 1.0],
                [1.0, 0.0, 0.0, -0.0, 0.0, -0.999836, 0.018122, 0.272858, 0.0, -0.018122, -0.999244, 0.0, 0.0, 0.0, 0.0, 1.0],
                [1.0, 0.0, 0.0, 0.0, 0.0, -0.999836, 0.018122, 0.272858, 0.0, -0.018122, -0.999244, -0.0, 0.0, 0.0, 0.0, 1.0],
                [1.0, 0.0, 0.0, -0.0, 0.0, -0.999836, 0.018122, 0.272858, 0.0, -0.018122, -0.999244, 0.0, 0.0, 0.0, 0.0, 1.0],
                [1.0, 0.0, 0.0, 0.0, 0.0, -0.999836, 0.018122, 0.272858, 0.0, -0.018122, -0.999244, -0.0, 0.0, 0.0, 0.0, 1.0]
            ]
        },
        {
            "name": "Elbow_R",
            "time": [0.0, 0.8],
            "transform": [
                [-1.0, 0.0, -0.0, -0.000136, 0.0, -0.0, -1.0, 0.389874, -0.0, -1.0, 0.0, -0.001027, 0.0, 0.0, 0.0, 1.0],
                [-1.0, 0.0, -0.0, -0.000136, 0.0, -0.0, -1.0, 0.389874, -0.0, -1.0, 0.0, -0.001027, 0.0, 0.0, 0.0, 1.0]
            ]
        },
        {
            "name": "Shoulder_L",
            "time": [0.0, 0.2, 0.4, 0.6, 0.8],
            "transform": [
                [0.494722, -0.862873, -0.103445, -0.0, -0.062006, -0.153776, 0.986158, 0.4, -0.866837, -0.48146, -0.129579, 0.0, 0.0, 0.0, 0.0, 1.0],
                [0.494722, -0.862873, -0.103445, 0.0, -0.062006, -0.153776, 0.986158, 0.4, -0.866837, -0.48146, -0.129579, -0.0, 0.0, 0.0, 0.0, 1.0],
                [0.494722, -0.862873, -0.103445, -0.0, -0.062006, -0.153776, 0.986158, 0.4, -0.866837, -0.48146, -0.129579, 0.0, 0.0, 0.0, 0.0, 1.0],
                [0.494722, -0.862873, -0.103445, 0.0, -0.062006, -0.153776, 0.986158, 0.4, -0.866837, -0.48146, -0.129579, -0.0, 0.0, 0.0, 0.0, 1.0],
                [0.494722, -0.862873, -0.103445, -0.0, -0.062006, -0.153776, 0.986158, 0.4, -0.866837, -0.48146, -0.129579, 0.0, 0.0, 0.0, 0.0, 1.0]
            ]
        },
        {
            "name": "Arm_L",
            "time": [0.0, 0.2, 0.4, 0.6, 0.8],
            "transform": [
                [0.296866, 0.816578, 0.495046, -0.0, -0.372042, 0.576357, -0.727597, 0.39386, -0.879463, 0.031821, 0.474902, 0.0, 0.0, 0.0, 0.0, 1.0],
                [0.163321, 0.715642, 0.679104, -0.0, -0.414878, 0.674343, -0.610849, 0.39386, -0.895099, -0.181981, 0.407039, 0.0, 0.0, 0.0, 0.0, 1.0],
                [0.296866, 0.816578, 0.495046, -0.0, -0.372042, 0.576357, -0.727597, 0.39386, -0.879463, 0.031821, 0.474902, 0.0, 0.0, 0.0, 0.0, 1.0],
                [0.163321, 0.715642, 0.679104, -0.0, -0.414878, 0.674343, -0.610849, 0.39386, -0.895099, -0.181981, 0.407039, 0.0, 0.0, 0.0, 0.0, 1.0],
                [0.296866, 0.816578, 0.495046, -0.0, -0.372042, 0.576357, -0.727597, 0.39386, -0.879463, 0.031821, 0.474902, 0.0, 0.0, 0.0, 0.0, 1.0]
            ]
        },
        {
            "name": "Hand_L",
            "time": [0.0, 0.2, 0.4, 0.6, 0.8],
            "transform": [
                [1.0, -0.0, 0.0, -0.0, 0.0, 0.522278, -0.852775, 0.3, 0.0, 0.852775, 0.522278, -0.0, 0.0, 0.0, 0.0, 1.0],
                [1.0, -0.0, 0.0, -0.0, 0.0, 0.522278, -0.852775, 0.3, 0.0, 0.852775, 0.522278, 0.0, 0.0, 0.0, 0.0, 1.0],
                [1.0, -0.0, 0.0, -0.0, 0.0, 0.522278, -0.852775, 0.3, 0.0, 0.852775, 0.522278, -0.0, 0.0, 0.0, 0.0, 1.0],
                [1.0, -0.0, 0.0, -0.0, 0.0, 0.522278, -0.852775, 0.3, 0.0, 0.852775, 0.522278, 0.0, 0.0, 0.0, 0.0, 1.0],
                [1.0, -0.0, 0.0, -0.0, 0.0, 0.522278, -0.852775, 0.3, 0.0, 0.852775, 0.522278, -0.0, 0.0, 0.0, 0.0, 1.0]
            ]
        },
        {
            "name": "Tool_L",
            "time": [0.0, 0.2, 0.4, 0.6, 0.8],
            "transform": [
                [-0.077541, 0.056245, 0.995402, 0.073, 0.994546, -0.065489, 0.081175, 0.267675, 0.069724, 0.99568, -0.050829, 0.157103, 0.0, 0.0, 0.0, 1.0],
                [-0.077541, 0.056245, 0.995402, 0.072999, 0.994546, -0.065489, 0.081175, 0.267675, 0.069724, 0.99568, -0.050829, 0.157103, 0.0, 0.0, 0.0, 1.0],
                [-0.077541, 0.056245, 0.995402, 0.073, 0.994546, -0.065489, 0.081175, 0.267675, 0.069724, 0.99568, -0.050829, 0.157103, 0.0, 0.0, 0.0, 1.0],
                [-0.077541, 0.056245, 0.995402, 0.072999, 0.994546, -0.065489, 0.081175, 0.267675, 0.069724, 0.99568, -0.050829, 0.157103, 0.0, 0.0, 0.0, 1.0],
                [-0.077541, 0.056245, 0.995402, 0.073, 0.994546, -0.065489, 0.081175, 0.267675, 0.069724, 0.99568, -0.050829, 0.157103, 0.0, 0.0, 0.0, 1.0]
            ]
        },
        {
            "name": "Elbow_L",
            "time": [0.0, 0.8],
            "transform": [
                [-1.0, 0.0, -0.0, -0.000414, 0.0, -0.0, -1.0, 0.394643, -0.0, -1.0, -0.0, -0.009644, 0.0, 0.0, 0.0, 1.0],
                [-1.0, 0.0, -0.0, -0.000414, 0.0, -0.0, -1.0, 0.394643, -0.0, -1.0, -0.0, -0.009644, 0.0, 0.0, 0.0, 1.0]
            ]
        }
    ]
}